1	1000000	0.0323533
1	2000000	0.033473
1	3000000	0.0275663
1	4000000	0.0193224
1	5000000	0.012299
1	6000000	0.020483
1	7000000	0.017645
1	8000000	0.01735
1	9000000	0.016412
1	10000000	0.018429
1	11000000	0.018954
1	12000000	0.017636
1	13000000	0.0118294
1	14000000	0.0130474
1	15000000	0.013441
1	16000000	0.018325
1	17000000	0.0179863
1	18000000	0.015094
1	19000000	0.014232
1	20000000	0.014266
1	21000000	0.013457
1	22000000	0.018074
1	23000000	0.014115
1	24000000	0.016136
1	25000000	0.01487
1	26000000	0.015784
1	27000000	0.017237
1	28000000	0.015944
1	29000000	0.016939
1	30000000	0.0113012
1	31000000	0.011417
1	32000000	0.014924
1	33000000	0.016628
1	34000000	0.011058
1	35000000	0.009944
1	36000000	0.012047
1	37000000	0.014402
1	38000000	0.013412
1	39000000	0.011579
1	40000000	0.014404
1	41000000	0.013114
1	42000000	0.010392
1	43000000	0.01101
1	44000000	0.01427
1	45000000	0.013638
1	46000000	0.011754
1	47000000	0.011668
1	48000000	0.01162
1	49000000	0.00704
1	50000000	0.005247
1	51000000	0.008591
1	52000000	0.00978
1	53000000	0.01229
1	54000000	0.013793
1	55000000	0.014221
1	56000000	0.007104
1	57000000	0.00707
1	58000000	0.006995
1	59000000	0.008286
1	60000000	0.006905
1	61000000	0.006036
1	62000000	0.009561
1	63000000	0.010206
1	64000000	0.008906
1	65000000	0.008769
1	66000000	0.008021
1	67000000	0.006358
1	68000000	0.00838
1	69000000	0.006701
1	70000000	0.005496
1	71000000	0.006803
1	72000000	0.005855
1	73000000	0.005085
1	74000000	0.004901
1	75000000	0.005503
1	76000000	0.00664
1	77000000	0.00642
1	78000000	0.008258
1	79000000	0.005804
1	80000000	0.005795
1	81000000	0.005321
1	82000000	0.007238
1	83000000	0.005751
1	84000000	0.005677
1	85000000	0.007574
1	86000000	0.007582
1	87000000	0.007676
1	88000000	0.007494
1	89000000	0.006859
1	90000000	0.007748
1	91000000	0.007559
1	92000000	0.009316
1	93000000	0.009139
1	94000000	0.009099
1	95000000	0.009025
1	96000000	0.006373
1	97000000	0.006491
1	98000000	0.00547
1	99000000	0.005707
1	100000000	0.006696
1	101000000	0.007219
1	102000000	0.005902
1	103000000	0.005329
1	104000000	0.00558843
1	105000000	0.005678
1	106000000	0.00525
1	107000000	0.005258
1	108000000	0.006312
1	109000000	0.008848
1	110000000	0.013829
1	111000000	0.010558
1	112000000	0.008553
1	113000000	0.011102
1	114000000	0.009374
1	115000000	0.008951
1	116000000	0.007787
1	117000000	0.009219
1	118000000	0.007985
1	119000000	0.005514
1	120000000	0.008725
1	121000000	0.0105827
1	143000000	0.00784395
1	144000000	0.00938007
1	145000000	0.0104259
1	146000000	0.0114283
1	147000000	0.008976
1	148000000	0.0114303
1	149000000	0.0114596
1	150000000	0.0143615
1	151000000	0.015856
1	152000000	0.010373
1	153000000	0.007114
1	154000000	0.015831
1	155000000	0.017104
1	156000000	0.016754
1	157000000	0.012615
1	158000000	0.007288
1	159000000	0.006394
1	160000000	0.009764
1	161000000	0.014539
1	162000000	0.009314
1	163000000	0.006785
1	164000000	0.005637
1	165000000	0.008341
1	166000000	0.008097
1	167000000	0.008593
1	168000000	0.009869
1	169000000	0.006572
1	170000000	0.006234
1	171000000	0.007053
1	172000000	0.00693
1	173000000	0.006145
1	174000000	0.008341
1	175000000	0.008253
1	176000000	0.006948
1	177000000	0.006426
1	178000000	0.007311
1	179000000	0.010291
1	180000000	0.010345
1	181000000	0.009933
1	182000000	0.007876
1	183000000	0.009559
1	184000000	0.007751
1	185000000	0.008134
1	186000000	0.006105
1	187000000	0.006048
1	188000000	0.00552
1	189000000	0.005588
1	190000000	0.005327
1	191000000	0.005268
1	192000000	0.005386
1	193000000	0.006741
1	194000000	0.005591
1	195000000	0.005522
1	196000000	0.005302
1	197000000	0.006308
1	198000000	0.006609
1	199000000	0.005176
1	200000000	0.009204
1	201000000	0.012756
1	202000000	0.012547
1	203000000	0.012387
1	204000000	0.012799
1	205000000	0.012662
1	206000000	0.0116843
1	207000000	0.009778
1	208000000	0.009785
1	209000000	0.007154
1	210000000	0.008563
1	211000000	0.008018
1	212000000	0.01074
1	213000000	0.010947
1	214000000	0.008464
1	215000000	0.007935
1	216000000	0.006198
1	217000000	0.006782
1	218000000	0.007359
1	219000000	0.006672
1	220000000	0.008078
1	221000000	0.008324
1	222000000	0.00655
1	223000000	0.009198
1	224000000	0.0121926
1	225000000	0.008282
1	226000000	0.014582
1	227000000	0.011775
1	228000000	0.014927
1	229000000	0.016122
1	230000000	0.012385
1	231000000	0.011862
1	232000000	0.00928
1	233000000	0.0099
1	234000000	0.00869
1	235000000	0.0137326
1	236000000	0.013074
1	237000000	0.011677
1	238000000	0.007942
1	239000000	0.007123
1	240000000	0.0092
1	241000000	0.010028
1	242000000	0.00977
1	243000000	0.009444
1	244000000	0.010268
1	245000000	0.013904
1	246000000	0.012403
1	247000000	0.01407
1	248000000	0.00904
2	1000000	0.015112
2	2000000	0.014917
2	3000000	0.016332
2	4000000	0.0118158
2	5000000	0.00785223
2	6000000	0.009914
2	7000000	0.009226
2	8000000	0.008743
2	9000000	0.013423
2	10000000	0.01698
2	11000000	0.015346
2	12000000	0.011905
2	13000000	0.007477
2	14000000	0.005737
2	15000000	0.007231
2	16000000	0.0112979
2	17000000	0.006894
2	18000000	0.006857
2	19000000	0.006328
2	20000000	0.009881
2	21000000	0.0102369
2	22000000	0.006061
2	23000000	0.006522
2	24000000	0.013632
2	25000000	0.013321
2	26000000	0.013983
2	27000000	0.015888
2	28000000	0.011302
2	29000000	0.012331
2	30000000	0.008904
2	31000000	0.00944
2	32000000	0.00887263
2	33000000	0.0104209
2	34000000	0.0089
2	35000000	0.006214
2	36000000	0.006151
2	37000000	0.010198
2	38000000	0.008779
2	39000000	0.011773
2	40000000	0.007605
2	41000000	0.005827
2	42000000	0.008527
2	43000000	0.013759
2	44000000	0.010133
2	45000000	0.010566
2	46000000	0.009186
2	47000000	0.011368
2	48000000	0.010915
2	49000000	0.007799
2	50000000	0.005801
2	51000000	0.006203
2	52000000	0.005753
2	53000000	0.005845
2	54000000	0.008628
2	55000000	0.010077
2	56000000	0.008757
2	57000000	0.005127
2	58000000	0.005672
2	59000000	0.006481
2	60000000	0.006299
2	61000000	0.011548
2	62000000	0.011944
2	63000000	0.008027
2	64000000	0.007599
2	65000000	0.011297
2	66000000	0.009032
2	67000000	0.006948
2	68000000	0.007047
2	69000000	0.007758
2	70000000	0.012406
2	71000000	0.011657
2	72000000	0.010903
2	73000000	0.010033
2	74000000	0.011197
2	75000000	0.01174
2	76000000	0.006344
2	77000000	0.006123
2	78000000	0.0056
2	79000000	0.006285
2	80000000	0.00686
2	81000000	0.00614
2	82000000	0.00551
2	83000000	0.005997
2	84000000	0.005776
2	85000000	0.009709
2	86000000	0.014418
2	87000000	0.010896
2	88000000	0.0101558
2	89000000	0.009047
2	90000000	0.0108307
2	91000000	0.0129041
2	92000000	0.0126432
2	95000000	0.00659844
2	96000000	0.01223
2	97000000	0.014288
2	98000000	0.011992
2	99000000	0.010981
2	100000000	0.01044
2	101000000	0.011144
2	102000000	0.012845
2	103000000	0.00864
2	104000000	0.00623
2	105000000	0.008909
2	106000000	0.011386
2	107000000	0.010696
2	108000000	0.007567
2	109000000	0.008797
2	110000000	0.0143112
2	111000000	0.011395
2	112000000	0.010288
2	113000000	0.012291
2	114000000	0.010891
2	115000000	0.007811
2	116000000	0.006842
2	117000000	0.006018
2	118000000	0.00612
2	119000000	0.008199
2	120000000	0.011795
2	121000000	0.013286
2	122000000	0.013832
2	123000000	0.008287
2	124000000	0.005592
2	125000000	0.00681
2	126000000	0.006053
2	127000000	0.006631
2	128000000	0.014082
2	129000000	0.014651
2	130000000	0.008569
2	131000000	0.013925
2	132000000	0.014575
2	133000000	0.009492
2	134000000	0.007014
2	135000000	0.0093
2	136000000	0.009142
2	137000000	0.008587
2	138000000	0.006081
2	139000000	0.005811
2	140000000	0.005491
2	141000000	0.005815
2	142000000	0.005706
2	143000000	0.005758
2	144000000	0.006125
2	145000000	0.00762
2	146000000	0.005429
2	147000000	0.005276
2	148000000	0.005444
2	149000000	0.007005
2	150000000	0.00776668
2	151000000	0.00655
2	152000000	0.007729
2	153000000	0.008933
2	154000000	0.006268
2	155000000	0.005671
2	156000000	0.005405
2	157000000	0.006824
2	158000000	0.006068
2	159000000	0.007074
2	160000000	0.009448
2	161000000	0.007998
2	162000000	0.006854
2	163000000	0.005831
2	164000000	0.005459
2	165000000	0.006319
2	166000000	0.006158
2	167000000	0.006178
2	168000000	0.005914
2	169000000	0.007622
2	170000000	0.00841
2	171000000	0.008557
2	172000000	0.010456
2	173000000	0.010895
2	174000000	0.008775
2	175000000	0.010119
2	176000000	0.007989
2	177000000	0.010456
2	178000000	0.007629
2	179000000	0.008268
2	180000000	0.006518
2	181000000	0.005602
2	182000000	0.005787
2	183000000	0.006445
2	184000000	0.007009
2	185000000	0.005204
2	186000000	0.004991
2	187000000	0.005498
2	188000000	0.005942
2	189000000	0.005801
2	190000000	0.005803
2	191000000	0.007651
2	192000000	0.008348
2	193000000	0.006561
2	194000000	0.005442
2	195000000	0.005113
2	196000000	0.006195
2	197000000	0.007422
2	198000000	0.009502
2	199000000	0.006478
2	200000000	0.006814
2	201000000	0.007585
2	202000000	0.01019
2	203000000	0.012446
2	204000000	0.010607
2	205000000	0.007826
2	206000000	0.006719
2	207000000	0.011001
2	208000000	0.008354
2	209000000	0.010506
2	210000000	0.005949
2	211000000	0.006825
2	212000000	0.005746
2	213000000	0.005773
2	214000000	0.006187
2	215000000	0.005755
2	216000000	0.008421
2	217000000	0.009421
2	218000000	0.007929
2	219000000	0.012763
2	220000000	0.018018
2	221000000	0.007418
2	222000000	0.007572
2	223000000	0.008228
2	224000000	0.008123
2	225000000	0.009868
2	226000000	0.007204
2	227000000	0.005712
2	228000000	0.009353
2	229000000	0.007918
2	230000000	0.00745
2	231000000	0.00922
2	232000000	0.015326
2	233000000	0.015755
2	234000000	0.0145126
2	235000000	0.01088
2	236000000	0.012984
2	237000000	0.016682
2	238000000	0.012323
2	239000000	0.017427
2	240000000	0.0191402
2	241000000	0.0177467
2	242000000	0.021526
3	1000000	0.00649
3	2000000	0.006936
3	3000000	0.008076
3	4000000	0.007129
3	5000000	0.011066
3	6000000	0.006594
3	7000000	0.00659
3	8000000	0.006511
3	9000000	0.010495
3	10000000	0.016323
3	11000000	0.011536
3	12000000	0.01154
3	13000000	0.017002
3	14000000	0.013121
3	15000000	0.012289
3	16000000	0.008573
3	17000000	0.007136
3	18000000	0.007184
3	19000000	0.005762
3	20000000	0.007356
3	21000000	0.005737
3	22000000	0.006217
3	23000000	0.006431
3	24000000	0.008881
3	25000000	0.006903
3	26000000	0.006809
3	27000000	0.006037
3	28000000	0.007965
3	29000000	0.005949
3	30000000	0.005827
3	31000000	0.006346
3	32000000	0.010015
3	33000000	0.012238
3	34000000	0.006884
3	35000000	0.005091
3	36000000	0.005335
3	37000000	0.008559
3	38000000	0.010343
3	39000000	0.009351
3	40000000	0.007031
3	41000000	0.007576
3	42000000	0.0093
3	43000000	0.010198
3	44000000	0.0088
3	45000000	0.010677
3	46000000	0.009391
3	47000000	0.013539
3	48000000	0.015143
3	49000000	0.018461
3	50000000	0.017835
3	51000000	0.009471
3	52000000	0.015012
3	53000000	0.013967
3	54000000	0.010425
3	55000000	0.008032
3	56000000	0.007746
3	57000000	0.010533
3	58000000	0.012517
3	59000000	0.007959
3	60000000	0.00701503
3	61000000	0.00684303
3	62000000	0.009921
3	63000000	0.006424
3	64000000	0.008112
3	65000000	0.00766
3	66000000	0.00952334
3	67000000	0.00813
3	68000000	0.006251
3	69000000	0.008125
3	70000000	0.007111
3	71000000	0.008856
3	72000000	0.010569
3	73000000	0.01063
3	74000000	0.006728
3	75000000	0.00769
3	76000000	0.008448
3	77000000	0.007504
3	78000000	0.006046
3	79000000	0.006873
3	80000000	0.006199
3	81000000	0.006269
3	82000000	0.00615
3	83000000	0.005646
3	84000000	0.005322
3	85000000	0.005952
3	86000000	0.005986
3	87000000	0.006174
3	88000000	0.006562
3	89000000	0.005616
3	90000000	0.005894
3	91000000	0.00824232
3	94000000	0.00624933
3	95000000	0.005478
3	96000000	0.005167
3	97000000	0.005511
3	98000000	0.006669
3	99000000	0.005705
3	100000000	0.007607
3	101000000	0.007942
3	102000000	0.00612
3	103000000	0.00545
3	104000000	0.00509
3	105000000	0.005941
3	106000000	0.006405
3	107000000	0.006905
3	108000000	0.006998
3	109000000	0.008264
3	110000000	0.005259
3	111000000	0.005562
3	112000000	0.007417
3	113000000	0.008212
3	114000000	0.007468
3	115000000	0.00571
3	116000000	0.006185
3	117000000	0.005975
3	118000000	0.005324
3	119000000	0.008356
3	120000000	0.008299
3	121000000	0.006828
3	122000000	0.008554
3	123000000	0.011393
3	124000000	0.007916
3	125000000	0.011421
3	126000000	0.012835
3	127000000	0.01388
3	128000000	0.01395
3	129000000	0.015944
3	130000000	0.009591
3	131000000	0.006321
3	132000000	0.006861
3	133000000	0.00789
3	134000000	0.009764
3	135000000	0.00691
3	136000000	0.009321
3	137000000	0.007763
3	138000000	0.009112
3	139000000	0.009755
3	140000000	0.006245
3	141000000	0.009264
3	142000000	0.009607
3	143000000	0.008066
3	144000000	0.005772
3	145000000	0.005131
3	146000000	0.006069
3	147000000	0.006758
3	148000000	0.005471
3	149000000	0.008606
3	150000000	0.008264
3	151000000	0.007493
3	152000000	0.00617
3	153000000	0.007857
3	154000000	0.006336
3	155000000	0.006726
3	156000000	0.008259
3	157000000	0.006854
3	158000000	0.007277
3	159000000	0.006202
3	160000000	0.008373
3	161000000	0.006106
3	162000000	0.005504
3	163000000	0.00515
3	164000000	0.005224
3	165000000	0.005563
3	166000000	0.005427
3	167000000	0.00582
3	168000000	0.005865
3	169000000	0.006994
3	170000000	0.010458
3	171000000	0.007978
3	172000000	0.009473
3	173000000	0.006127
3	174000000	0.006086
3	175000000	0.006157
3	176000000	0.005806
3	177000000	0.009959
3	178000000	0.005919
3	179000000	0.009885
3	180000000	0.006196
3	181000000	0.007744
3	182000000	0.007841
3	183000000	0.012351
3	184000000	0.017573
3	185000000	0.010889
3	186000000	0.011907
3	187000000	0.010088
3	188000000	0.008347
3	189000000	0.006993
3	190000000	0.007979
3	191000000	0.006981
3	192000000	0.007146
3	193000000	0.008711
3	194000000	0.0152567
3	195000000	0.015498
3	196000000	0.019894
3	197000000	0.015653
4	1000000	0.0306109
4	2000000	0.024401
4	3000000	0.020082
4	4000000	0.019141
4	5000000	0.010947
4	6000000	0.015779
4	7000000	0.019642
4	8000000	0.020414
4	9000000	0.0200376
4	10000000	0.011312
4	11000000	0.007727
4	12000000	0.006085
4	13000000	0.006354
4	14000000	0.007338
4	15000000	0.006573
4	16000000	0.00915
4	17000000	0.008199
4	18000000	0.008351
4	19000000	0.005578
4	20000000	0.006121
4	21000000	0.0067
4	22000000	0.006491
4	23000000	0.006578
4	24000000	0.008064
4	25000000	0.010016
4	26000000	0.011694
4	27000000	0.00731
4	28000000	0.005751
4	29000000	0.005694
4	30000000	0.005862
4	31000000	0.006668
4	32000000	0.00558109
4	33000000	0.00545071
4	34000000	0.005185
4	35000000	0.005568
4	36000000	0.005855
4	37000000	0.006109
4	38000000	0.010124
4	39000000	0.010577
4	40000000	0.0134154
4	41000000	0.011603
4	42000000	0.010104
4	43000000	0.005781
4	44000000	0.005374
4	45000000	0.005433
4	46000000	0.005423
4	47000000	0.006124
4	48000000	0.00843
4	49000000	0.0101635
4	50000000	0.0118227
4	53000000	0.00730459
4	54000000	0.008369
4	55000000	0.008789
4	56000000	0.008263
4	57000000	0.009021
4	58000000	0.009914
4	59000000	0.005492
4	60000000	0.00523158
4	61000000	0.005229
4	62000000	0.005821
4	63000000	0.005889
4	64000000	0.005093
4	65000000	0.005387
4	66000000	0.005355
4	67000000	0.005379
4	68000000	0.005966
4	69000000	0.006639
4	70000000	0.005142
4	71000000	0.005601
4	72000000	0.008656
4	73000000	0.005557
4	74000000	0.006523
4	75000000	0.00624757
4	76000000	0.006207
4	77000000	0.009916
4	78000000	0.008272
4	79000000	0.007591
4	80000000	0.00622
4	81000000	0.00641
4	82000000	0.006015
4	83000000	0.008276
4	84000000	0.010655
4	85000000	0.006788
4	86000000	0.006648
4	87000000	0.006265
4	88000000	0.009008
4	89000000	0.008661
4	90000000	0.007068
4	91000000	0.006149
4	92000000	0.005443
4	93000000	0.005154
4	94000000	0.005136
4	95000000	0.007236
4	96000000	0.007162
4	97000000	0.005434
4	98000000	0.005033
4	99000000	0.006364
4	100000000	0.007776
4	101000000	0.006356
4	102000000	0.005888
4	103000000	0.006435
4	104000000	0.006653
4	105000000	0.005057
4	106000000	0.006081
4	107000000	0.006053
4	108000000	0.005272
4	109000000	0.007817
4	110000000	0.008296
4	111000000	0.008443
4	112000000	0.006598
4	113000000	0.007531
4	114000000	0.008256
4	115000000	0.005513
4	116000000	0.005202
4	117000000	0.005343
4	118000000	0.005257
4	119000000	0.006413
4	120000000	0.007892
4	121000000	0.005784
4	122000000	0.006319
4	123000000	0.006918
4	124000000	0.008385
4	125000000	0.005502
4	126000000	0.006028
4	127000000	0.005731
4	128000000	0.005547
4	129000000	0.009243
4	130000000	0.007733
4	131000000	0.00538
4	132000000	0.00521
4	133000000	0.007862
4	134000000	0.005639
4	135000000	0.004989
4	136000000	0.005378
4	137000000	0.005281
4	138000000	0.005729
4	139000000	0.006105
4	140000000	0.010791
4	141000000	0.009611
4	142000000	0.007079
4	143000000	0.005685
4	144000000	0.006514
4	145000000	0.005832
4	146000000	0.007229
4	147000000	0.007667
4	148000000	0.006699
4	149000000	0.008778
4	150000000	0.005145
4	151000000	0.006258
4	152000000	0.009131
4	153000000	0.008163
4	154000000	0.010436
4	155000000	0.007353
4	156000000	0.006582
4	157000000	0.006583
4	158000000	0.006412
4	159000000	0.006305
4	160000000	0.009033
4	161000000	0.005912
4	162000000	0.005681
4	163000000	0.006068
4	164000000	0.006987
4	165000000	0.005764
4	166000000	0.009639
4	167000000	0.006314
4	168000000	0.005737
4	169000000	0.00624
4	170000000	0.008922
4	171000000	0.008309
4	172000000	0.005611
4	173000000	0.006281
4	174000000	0.008473
4	175000000	0.00696
4	176000000	0.006246
4	177000000	0.007292
4	178000000	0.007896
4	179000000	0.006665
4	180000000	0.006385
4	181000000	0.007097
4	182000000	0.008313
4	183000000	0.010425
4	184000000	0.013295
4	185000000	0.013742
4	186000000	0.013774
4	187000000	0.012916
4	188000000	0.011444
4	189000000	0.012128
4	190000000	0.009827
5	1000000	0.027607
5	2000000	0.019521
5	3000000	0.014504
5	4000000	0.010741
5	5000000	0.009776
5	6000000	0.009683
5	7000000	0.011028
5	8000000	0.008337
5	9000000	0.006976
5	10000000	0.009923
5	11000000	0.010782
5	12000000	0.006597
5	13000000	0.005806
5	14000000	0.01016
5	15000000	0.009187
5	16000000	0.007781
5	17000000	0.013476
5	18000000	0.00759159
5	19000000	0.00605
5	20000000	0.005918
5	21000000	0.006511
5	22000000	0.006173
5	23000000	0.006154
5	24000000	0.006244
5	25000000	0.006289
5	26000000	0.006178
5	27000000	0.006109
5	28000000	0.005856
5	29000000	0.006009
5	30000000	0.005483
5	31000000	0.006604
5	32000000	0.013652
5	33000000	0.007644
5	34000000	0.007826
5	35000000	0.008425
5	36000000	0.006949
5	37000000	0.009594
5	38000000	0.008428
5	39000000	0.007949
5	40000000	0.006032
5	41000000	0.006936
5	42000000	0.005676
5	43000000	0.010586
5	44000000	0.006015
5	45000000	0.005674
5	46000000	0.00596705
5	49000000	0.00948505
5	50000000	0.006608
5	51000000	0.005916
5	52000000	0.006002
5	53000000	0.007049
5	54000000	0.00794
5	55000000	0.010391
5	56000000	0.009237
5	57000000	0.006495
5	58000000	0.006829
5	59000000	0.005688
5	60000000	0.00673
5	61000000	0.007457
5	62000000	0.007557
5	63000000	0.005293
5	64000000	0.006279
5	65000000	0.008262
5	66000000	0.007327
5	67000000	0.006756
5	68000000	0.008299
5	69000000	0.011308
5	70000000	0.010192
5	71000000	0.008873
5	72000000	0.008538
5	73000000	0.009119
5	74000000	0.008541
5	75000000	0.007791
5	76000000	0.010431
5	77000000	0.00924
5	78000000	0.009353
5	79000000	0.009789
5	80000000	0.009937
5	81000000	0.008091
5	82000000	0.006776
5	83000000	0.006152
5	84000000	0.005633
5	85000000	0.005214
5	86000000	0.005727
5	87000000	0.005677
5	88000000	0.007245
5	89000000	0.004966
5	90000000	0.006869
5	91000000	0.006243
5	92000000	0.0051379
5	93000000	0.00758
5	94000000	0.006447
5	95000000	0.007639
5	96000000	0.007581
5	97000000	0.0055
5	98000000	0.006542
5	99000000	0.006284
5	100000000	0.006109
5	101000000	0.005361
5	102000000	0.006082
5	103000000	0.006317
5	104000000	0.005152
5	105000000	0.005028
5	106000000	0.005483
5	107000000	0.00687
5	108000000	0.006623
5	109000000	0.006877
5	110000000	0.005616
5	111000000	0.006259
5	112000000	0.008471
5	113000000	0.006838
5	114000000	0.006113
5	115000000	0.007514
5	116000000	0.007739
5	117000000	0.005621
5	118000000	0.006854
5	119000000	0.006373
5	120000000	0.00555
5	121000000	0.005648
5	122000000	0.008125
5	123000000	0.006116
5	124000000	0.008001
5	125000000	0.005515
5	126000000	0.009892
5	127000000	0.006867
5	128000000	0.006514
5	129000000	0.005583
5	130000000	0.005743
5	131000000	0.008739
5	132000000	0.01263
5	133000000	0.011432
5	134000000	0.013952
5	135000000	0.010104
5	136000000	0.00674
5	137000000	0.008604
5	138000000	0.012775
5	139000000	0.0151916
5	140000000	0.012934
5	141000000	0.015789
5	142000000	0.01105
5	143000000	0.006835
5	144000000	0.005549
5	145000000	0.006333
5	146000000	0.008359
5	147000000	0.007215
5	148000000	0.006249
5	149000000	0.011713
5	150000000	0.012711
5	151000000	0.009497
5	152000000	0.005835
5	153000000	0.006145
5	154000000	0.011624
5	155000000	0.00620316
5	156000000	0.006811
5	157000000	0.010926
5	158000000	0.00732
5	159000000	0.008559
5	160000000	0.00938
5	161000000	0.005789
5	162000000	0.005731
5	163000000	0.007131
5	164000000	0.006125
5	165000000	0.006917
5	166000000	0.008103
5	167000000	0.008428
5	168000000	0.011327
5	169000000	0.007999
5	170000000	0.009421
5	171000000	0.012208
5	172000000	0.016366
5	173000000	0.012242
5	174000000	0.011115
5	175000000	0.011335
5	176000000	0.017423
5	177000000	0.017774
5	178000000	0.018683
5	179000000	0.021026
5	180000000	0.017913
6	1000000	0.013831
6	2000000	0.012012
6	3000000	0.016345
6	4000000	0.011768
6	5000000	0.011583
6	6000000	0.009717
6	7000000	0.013442
6	8000000	0.010845
6	9000000	0.007103
6	10000000	0.009977
6	11000000	0.012003
6	12000000	0.009245
6	13000000	0.009469
6	14000000	0.011135
6	15000000	0.012686
6	16000000	0.011053
6	17000000	0.010553
6	18000000	0.011713
6	19000000	0.006146
6	20000000	0.01018
6	21000000	0.00905
6	22000000	0.010695
6	23000000	0.006601
6	24000000	0.007733
6	25000000	0.009358
6	26000000	0.010923
6	27000000	0.013145
6	28000000	0.012569
6	29000000	0.011447
6	30000000	0.012299
6	31000000	0.014959
6	32000000	0.017427
6	33000000	0.013537
6	34000000	0.017208
6	35000000	0.013919
6	36000000	0.012321
6	37000000	0.014583
6	38000000	0.010776
6	39000000	0.009439
6	40000000	0.007425
6	41000000	0.009735
6	42000000	0.015021
6	43000000	0.016218
6	44000000	0.013766
6	45000000	0.007854
6	46000000	0.007344
6	47000000	0.007665
6	48000000	0.005864
6	49000000	0.00535
6	50000000	0.005636
6	51000000	0.006217
6	52000000	0.007882
6	53000000	0.009163
6	54000000	0.006203
6	55000000	0.005868
6	56000000	0.006042
6	57000000	0.008099
6	58000000	0.00638527
6	59000000	0.00598576
6	62000000	0.00474525
6	63000000	0.005119
6	64000000	0.007301
6	65000000	0.005795
6	66000000	0.005079
6	67000000	0.005454
6	68000000	0.005188
6	69000000	0.005386
6	70000000	0.005667
6	71000000	0.007377
6	72000000	0.006561
6	73000000	0.006074
6	74000000	0.010989
6	75000000	0.00545
6	76000000	0.007645
6	77000000	0.005654
6	78000000	0.005644
6	79000000	0.005082
6	80000000	0.006599
6	81000000	0.006022
6	82000000	0.005182
6	83000000	0.006255
6	84000000	0.006626
6	85000000	0.006868
6	86000000	0.007061
6	87000000	0.005044
6	88000000	0.008616
6	89000000	0.007198
6	90000000	0.00997
6	91000000	0.009081
6	92000000	0.005421
6	93000000	0.005241
6	94000000	0.005374
6	95000000	0.005218
6	96000000	0.00555177
6	97000000	0.005924
6	98000000	0.005781
6	99000000	0.00648
6	100000000	0.008081
6	101000000	0.006392
6	102000000	0.005264
6	103000000	0.005309
6	104000000	0.005219
6	105000000	0.006941
6	106000000	0.008562
6	107000000	0.011022
6	108000000	0.011026
6	109000000	0.009794
6	110000000	0.008431
6	111000000	0.010364
6	112000000	0.009044
6	113000000	0.006049
6	114000000	0.007214
6	115000000	0.005548
6	116000000	0.00550201
6	117000000	0.006955
6	118000000	0.007014
6	119000000	0.007898
6	120000000	0.005788
6	121000000	0.005254
6	122000000	0.006735
6	123000000	0.00658
6	124000000	0.005736
6	125000000	0.006432
6	126000000	0.007579
6	127000000	0.005412
6	128000000	0.006437
6	129000000	0.006401
6	130000000	0.007079
6	131000000	0.007503
6	132000000	0.007371
6	133000000	0.007228
6	134000000	0.007983
6	135000000	0.008964
6	136000000	0.007076
6	137000000	0.009371
6	138000000	0.008441
6	139000000	0.010493
6	140000000	0.00855
6	141000000	0.005293
6	142000000	0.005686
6	143000000	0.007093
6	144000000	0.008694
6	145000000	0.007385
6	146000000	0.006002
6	147000000	0.006081
6	148000000	0.007869
6	149000000	0.010548
6	150000000	0.013392
6	151000000	0.011615
6	152000000	0.010877
6	153000000	0.008174
6	154000000	0.00647
6	155000000	0.011979
6	156000000	0.007917
6	157000000	0.010486
6	158000000	0.0146867
6	159000000	0.014816
6	160000000	0.01169
6	161000000	0.009897
6	162000000	0.011818
6	163000000	0.008969
6	164000000	0.012087
6	165000000	0.007829
6	166000000	0.010731
6	167000000	0.016254
6	168000000	0.0173345
6	169000000	0.01776
6	170000000	0.0161074
7	1000000	0.032875
7	2000000	0.029777
7	3000000	0.019111
7	4000000	0.014246
7	5000000	0.023008
7	6000000	0.021061
7	7000000	0.014945
7	8000000	0.008131
7	9000000	0.005687
7	10000000	0.005636
7	11000000	0.006477
7	12000000	0.005655
7	13000000	0.007428
7	14000000	0.006748
7	15000000	0.006126
7	16000000	0.006605
7	17000000	0.007448
7	18000000	0.006582
7	19000000	0.006826
7	20000000	0.006354
7	21000000	0.008611
7	22000000	0.008888
7	23000000	0.009833
7	24000000	0.009075
7	25000000	0.008942
7	26000000	0.010523
7	27000000	0.012532
7	28000000	0.008701
7	29000000	0.009573
7	30000000	0.009877
7	31000000	0.010333
7	32000000	0.007153
7	33000000	0.009661
7	34000000	0.007474
7	35000000	0.007258
7	36000000	0.009827
7	37000000	0.008816
7	38000000	0.007125
7	39000000	0.007737
7	40000000	0.009879
7	41000000	0.006899
7	42000000	0.008281
7	43000000	0.007858
7	44000000	0.013343
7	45000000	0.013391
7	46000000	0.008932
7	47000000	0.008277
7	48000000	0.011603
7	49000000	0.005714
7	50000000	0.00763542
7	51000000	0.011471
7	52000000	0.007454
7	53000000	0.006628
7	54000000	0.005835
7	55000000	0.011044
7	56000000	0.013963
7	57000000	0.012457
7	58000000	0.00942038
7	61000000	0.00902194
7	62000000	0.00777149
7	63000000	0.012335
7	64000000	0.010769
7	65000000	0.011267
7	66000000	0.015372
7	67000000	0.011057
7	68000000	0.010336
7	69000000	0.0094
7	70000000	0.010371
7	71000000	0.011666
7	72000000	0.013041
7	73000000	0.019506
7	74000000	0.019969
7	75000000	0.0181432
7	76000000	0.015682
7	77000000	0.010823
7	78000000	0.007266
7	79000000	0.00562
7	80000000	0.006449
7	81000000	0.006792
7	82000000	0.006536
7	83000000	0.005791
7	84000000	0.005653
7	85000000	0.005333
7	86000000	0.005099
7	87000000	0.006258
7	88000000	0.006328
7	89000000	0.004837
7	90000000	0.006889
7	91000000	0.006331
7	92000000	0.008765
7	93000000	0.005793
7	94000000	0.006441
7	95000000	0.006651
7	96000000	0.006701
7	97000000	0.008429
7	98000000	0.016802
7	99000000	0.014964
7	100000000	0.021824
7	101000000	0.0195832
7	102000000	0.018591
7	103000000	0.008077
7	104000000	0.007008
7	105000000	0.012222
7	106000000	0.008195
7	107000000	0.008457
7	108000000	0.008014
7	109000000	0.005146
7	110000000	0.005643
7	111000000	0.006466
7	112000000	0.007294
7	113000000	0.00569
7	114000000	0.005811
7	115000000	0.005512
7	116000000	0.006742
7	117000000	0.007338
7	118000000	0.005458
7	119000000	0.004889
7	120000000	0.005743
7	121000000	0.006203
7	122000000	0.006598
7	123000000	0.006143
7	124000000	0.005981
7	125000000	0.005708
7	126000000	0.005325
7	127000000	0.007246
7	128000000	0.013693
7	129000000	0.013408
7	130000000	0.0120556
7	131000000	0.011131
7	132000000	0.009284
7	133000000	0.007843
7	134000000	0.008427
7	135000000	0.00954
7	136000000	0.006319
7	137000000	0.007027
7	138000000	0.010569
7	139000000	0.0140216
7	140000000	0.014222
7	141000000	0.009316
7	142000000	0.00782668
7	143000000	0.00979685
7	144000000	0.008318
7	145000000	0.006727
7	146000000	0.006931
7	147000000	0.006961
7	148000000	0.010748
7	149000000	0.01679
7	150000000	0.012795
7	151000000	0.01969
7	152000000	0.014707
7	153000000	0.010269
7	154000000	0.0116089
7	155000000	0.017416
7	156000000	0.015805
7	157000000	0.020975
7	158000000	0.02212
8	1000000	0.023101
8	2000000	0.018848
8	3000000	0.010963
8	4000000	0.010363
8	5000000	0.009675
8	6000000	0.011228
8	7000000	0.0147735
8	8000000	0.0144143
8	9000000	0.0122
8	10000000	0.012319
8	11000000	0.014288
8	12000000	0.0149832
8	13000000	0.010705
8	14000000	0.006925
8	15000000	0.007988
8	16000000	0.007004
8	17000000	0.009824
8	18000000	0.009485
8	19000000	0.009951
8	20000000	0.010178
8	21000000	0.008248
8	22000000	0.017494
8	23000000	0.014927
8	24000000	0.007449
8	25000000	0.009506
8	26000000	0.010706
8	27000000	0.009592
8	28000000	0.011687
8	29000000	0.011379
8	30000000	0.010199
8	31000000	0.008774
8	32000000	0.006698
8	33000000	0.008281
8	34000000	0.006201
8	35000000	0.006466
8	36000000	0.006118
8	37000000	0.008101
8	38000000	0.015219
8	39000000	0.008523
8	40000000	0.0076
8	41000000	0.010665
8	42000000	0.015142
8	43000000	0.011537
8	44000000	0.00650071
8	47000000	0.0134183
8	48000000	0.00794251
8	49000000	0.01188
8	50000000	0.007841
8	51000000	0.005833
8	52000000	0.006583
8	53000000	0.008615
8	54000000	0.007649
8	55000000	0.01145
8	56000000	0.007468
8	57000000	0.009983
8	58000000	0.007769
8	59000000	0.007298
8	60000000	0.007077
8	61000000	0.00694
8	62000000	0.00877
8	63000000	0.006163
8	64000000	0.007183
8	65000000	0.006304
8	66000000	0.006572
8	67000000	0.009
8	68000000	0.010301
8	69000000	0.006677
8	70000000	0.006786
8	71000000	0.010268
8	72000000	0.006372
8	73000000	0.006474
8	74000000	0.008087
8	75000000	0.008864
8	76000000	0.00641
8	77000000	0.005212
8	78000000	0.005878
8	79000000	0.00502
8	80000000	0.005545
8	81000000	0.010139
8	82000000	0.007589
8	83000000	0.006237
8	84000000	0.005125
8	85000000	0.005355
8	86000000	0.006767
8	87000000	0.0102012
8	88000000	0.005963
8	89000000	0.005864
8	90000000	0.00498
8	91000000	0.006553
8	92000000	0.00599
8	93000000	0.006497
8	94000000	0.00597
8	95000000	0.008777
8	96000000	0.010812
8	97000000	0.008021
8	98000000	0.006939
8	99000000	0.011222
8	100000000	0.007922
8	101000000	0.007746
8	102000000	0.011011
8	103000000	0.00862
8	104000000	0.010245
8	105000000	0.006565
8	106000000	0.006335
8	107000000	0.006008
8	108000000	0.006169
8	109000000	0.006599
8	110000000	0.005937
8	111000000	0.005715
8	112000000	0.005178
8	113000000	0.005429
8	114000000	0.005297
8	115000000	0.005648
8	116000000	0.006064
8	117000000	0.006551
8	118000000	0.007189
8	119000000	0.007679
8	120000000	0.00626
8	121000000	0.008524
8	122000000	0.006752
8	123000000	0.006759
8	124000000	0.011577
8	125000000	0.00911
8	126000000	0.01088
8	127000000	0.007285
8	128000000	0.007618
8	129000000	0.009409
8	130000000	0.006262
8	131000000	0.009299
8	132000000	0.006488
8	133000000	0.007304
8	134000000	0.009558
8	135000000	0.008327
8	136000000	0.00861
8	137000000	0.007453
8	138000000	0.006386
8	139000000	0.007559
8	140000000	0.009267
8	141000000	0.015689
8	142000000	0.019053
8	143000000	0.0202842
8	144000000	0.023438
8	145000000	0.03229
9	1000000	0.010932
9	2000000	0.007895
9	3000000	0.007433
9	4000000	0.008278
9	5000000	0.008722
9	6000000	0.007862
9	7000000	0.010292
9	8000000	0.006199
9	9000000	0.006574
9	10000000	0.005724
9	11000000	0.005585
9	12000000	0.005325
9	13000000	0.006389
9	14000000	0.007775
9	15000000	0.008857
9	16000000	0.008711
9	17000000	0.009096
9	18000000	0.006944
9	19000000	0.009858
9	20000000	0.006537
9	21000000	0.006676
9	22000000	0.007342
9	23000000	0.005816
9	24000000	0.006692
9	25000000	0.005767
9	26000000	0.006094
9	27000000	0.0082
9	28000000	0.006491
9	29000000	0.005582
9	30000000	0.005283
9	31000000	0.005804
9	32000000	0.006121
9	33000000	0.011242
9	34000000	0.012428
9	35000000	0.01125
9	36000000	0.01344
9	37000000	0.012562
9	38000000	0.012095
9	39000000	0.010669
9	40000000	0.0105101
9	41000000	0.0102271
9	42000000	0.008764
9	43000000	0.00841884
9	44000000	0.00919369
9	45000000	0.01152
9	46000000	0.00844099
9	47000000	0.0093065
9	65000000	0.0123759
9	66000000	0.0104189
9	67000000	0.00882796
9	68000000	0.00961613
9	69000000	0.00869389
9	70000000	0.00914237
9	71000000	0.00868943
9	72000000	0.010212
9	73000000	0.007725
9	74000000	0.006727
9	75000000	0.009231
9	76000000	0.005633
9	77000000	0.006848
9	78000000	0.007181
9	79000000	0.009544
9	80000000	0.009452
9	81000000	0.008278
9	82000000	0.007141
9	83000000	0.005932
9	84000000	0.009081
9	85000000	0.006308
9	86000000	0.008355
9	87000000	0.0094
9	88000000	0.008322
9	89000000	0.009688
9	90000000	0.010454
9	91000000	0.011846
9	92000000	0.0121611
9	93000000	0.00899413
9	94000000	0.01065
9	95000000	0.012136
9	96000000	0.014839
9	97000000	0.012385
9	98000000	0.013348
9	99000000	0.013521
9	100000000	0.010555
9	101000000	0.012223
9	102000000	0.009048
9	103000000	0.008592
9	104000000	0.006361
9	105000000	0.005418
9	106000000	0.005524
9	107000000	0.006278
9	108000000	0.009712
9	109000000	0.006363
9	110000000	0.010335
9	111000000	0.00751
9	112000000	0.009957
9	113000000	0.008381
9	114000000	0.00885
9	115000000	0.010388
9	116000000	0.013065
9	117000000	0.012725
9	118000000	0.006344
9	119000000	0.006408
9	120000000	0.006744
9	121000000	0.005764
9	122000000	0.006735
9	123000000	0.008272
9	124000000	0.012071
9	125000000	0.011238
9	126000000	0.011687
9	127000000	0.014082
9	128000000	0.014219
9	129000000	0.014277
9	130000000	0.014522
9	131000000	0.021941
9	132000000	0.022079
9	133000000	0.019193
9	134000000	0.021056
9	135000000	0.01713
9	136000000	0.020403
9	137000000	0.0254716
9	138000000	0.02183
9	139000000	0.0304621
9	140000000	0.034992
10	1000000	0.019911
10	2000000	0.01327
10	3000000	0.01424
10	4000000	0.011427
10	5000000	0.008133
10	6000000	0.016612
10	7000000	0.011382
10	8000000	0.012586
10	9000000	0.007293
10	10000000	0.006673
10	11000000	0.01097
10	12000000	0.016025
10	13000000	0.014954
10	14000000	0.012248
10	15000000	0.013656
10	16000000	0.008677
10	17000000	0.010295
10	18000000	0.0105926
10	19000000	0.008785
10	20000000	0.00703
10	21000000	0.007778
10	22000000	0.011075
10	23000000	0.011054
10	24000000	0.007913
10	25000000	0.010341
10	26000000	0.007196
10	27000000	0.010827
10	28000000	0.00925
10	29000000	0.01103
10	30000000	0.011728
10	31000000	0.010996
10	32000000	0.009101
10	33000000	0.00854
10	34000000	0.009114
10	35000000	0.011001
10	36000000	0.009932
10	37000000	0.00915702
10	38000000	0.007729
10	39000000	0.0126229
10	42000000	0.0117327
10	43000000	0.0112579
10	44000000	0.014107
10	45000000	0.009089
10	46000000	0.0101432
10	47000000	0.0102285
10	48000000	0.0106526
10	49000000	0.00879557
10	50000000	0.009452
10	51000000	0.0108411
10	52000000	0.009291
10	53000000	0.006095
10	54000000	0.005978
10	55000000	0.00615002
10	56000000	0.005841
10	57000000	0.005673
10	58000000	0.005073
10	59000000	0.005287
10	60000000	0.00674001
10	61000000	0.00644501
10	62000000	0.007396
10	63000000	0.00655
10	64000000	0.00774905
10	65000000	0.00972
10	66000000	0.006112
10	67000000	0.005398
10	68000000	0.005789
10	69000000	0.005953
10	70000000	0.012739
10	71000000	0.013415
10	72000000	0.01388
10	73000000	0.013068
10	74000000	0.013882
10	75000000	0.010207
10	76000000	0.01029
10	77000000	0.011694
10	78000000	0.007032
10	79000000	0.008676
10	80000000	0.010952
10	81000000	0.012982
10	82000000	0.011641
10	83000000	0.006053
10	84000000	0.006485
10	85000000	0.0056
10	86000000	0.008438
10	87000000	0.006017
10	88000000	0.010822
10	89000000	0.01079
10	90000000	0.006352
10	91000000	0.007486
10	92000000	0.00554
10	93000000	0.007564
10	94000000	0.0114
10	95000000	0.010568
10	96000000	0.008546
10	97000000	0.00783
10	98000000	0.009153
10	99000000	0.015174
10	100000000	0.010354
10	101000000	0.008956
10	102000000	0.012978
10	103000000	0.014816
10	104000000	0.016019
10	105000000	0.01471
10	106000000	0.01014
10	107000000	0.00606
10	108000000	0.006315
10	109000000	0.007424
10	110000000	0.00577
10	111000000	0.005933
10	112000000	0.010603
10	113000000	0.007467
10	114000000	0.008347
10	115000000	0.011114
10	116000000	0.010812
10	117000000	0.006994
10	118000000	0.009601
10	119000000	0.012311
10	120000000	0.008582
10	121000000	0.015573
10	122000000	0.008745
10	123000000	0.011185
10	124000000	0.012961
10	125000000	0.010908
10	126000000	0.0166926
10	127000000	0.013466
10	128000000	0.01033
10	129000000	0.012533
10	130000000	0.012711
10	131000000	0.012964
10	132000000	0.016058
10	133000000	0.0159095
10	134000000	0.0245548
10	135000000	0.030989
11	1000000	0.0331727
11	2000000	0.024717
11	3000000	0.019093
11	4000000	0.010876
11	5000000	0.00659
11	6000000	0.008809
11	7000000	0.00776
11	8000000	0.009882
11	9000000	0.012416
11	10000000	0.009862
11	11000000	0.009022
11	12000000	0.009138
11	13000000	0.009026
11	14000000	0.007434
11	15000000	0.007125
11	16000000	0.005944
11	17000000	0.010597
11	18000000	0.010609
11	19000000	0.009593
11	20000000	0.009075
11	21000000	0.006905
11	22000000	0.005667
11	23000000	0.005911
11	24000000	0.005624
11	25000000	0.005523
11	26000000	0.00592
11	27000000	0.006421
11	28000000	0.00652
11	29000000	0.005141
11	30000000	0.005634
11	31000000	0.006133
11	32000000	0.010217
11	33000000	0.010166
11	34000000	0.011283
11	35000000	0.007382
11	36000000	0.009312
11	37000000	0.005978
11	38000000	0.00522
11	39000000	0.006171
11	40000000	0.006516
11	41000000	0.005939
11	42000000	0.005678
11	43000000	0.006572
11	44000000	0.010484
11	45000000	0.012294
11	46000000	0.013793
11	47000000	0.01498
11	48000000	0.012053
11	49000000	0.006598
11	50000000	0.006622
11	51000000	0.00587158
11	52000000	0.00848159
11	55000000	0.00575581
11	56000000	0.006224
11	57000000	0.010825
11	58000000	0.007281
11	59000000	0.008244
11	60000000	0.00767
11	61000000	0.017564
11	62000000	0.018032
11	63000000	0.01161
11	64000000	0.022372
11	65000000	0.023298
11	66000000	0.0213
11	67000000	0.020769
11	68000000	0.017892
11	69000000	0.0193705
11	70000000	0.0198032
11	71000000	0.016943
11	72000000	0.012767
11	73000000	0.011973
11	74000000	0.010288
11	75000000	0.011872
11	76000000	0.011899
11	77000000	0.010921
11	78000000	0.010752
11	79000000	0.007888
11	80000000	0.006087
11	81000000	0.005568
11	82000000	0.006096
11	83000000	0.007505
11	84000000	0.005757
11	85000000	0.005784
11	86000000	0.007966
11	87000000	0.007386
11	88000000	0.0056579
11	89000000	0.005474
11	90000000	0.007232
11	91000000	0.005025
11	92000000	0.005971
11	93000000	0.007818
11	94000000	0.008357
11	95000000	0.007669
11	96000000	0.00738589
11	97000000	0.005429
11	98000000	0.00617
11	99000000	0.006324
11	100000000	0.005906
11	101000000	0.006747
11	102000000	0.008366
11	103000000	0.006809
11	104000000	0.005887
11	105000000	0.005839
11	106000000	0.005852
11	107000000	0.006409
11	108000000	0.010349
11	109000000	0.006273
11	110000000	0.00775
11	111000000	0.0076
11	112000000	0.009667
11	113000000	0.008591
11	114000000	0.010769
11	115000000	0.007917
11	116000000	0.009394
11	117000000	0.013249
11	118000000	0.01335
11	119000000	0.016513
11	120000000	0.013035
11	121000000	0.010663
11	122000000	0.007914
11	123000000	0.013088
11	124000000	0.007355
11	125000000	0.012436
11	126000000	0.013396
11	127000000	0.008473
11	128000000	0.007585
11	129000000	0.01055
11	130000000	0.014218
11	131000000	0.009364
11	132000000	0.009484
11	133000000	0.010262
11	134000000	0.015909
12	1000000	0.013336
12	2000000	0.014772
12	3000000	0.016913
12	4000000	0.012438
12	5000000	0.010082
12	6000000	0.013559
12	7000000	0.0170096
12	8000000	0.013215
12	9000000	0.011474
12	10000000	0.009667
12	11000000	0.006572
12	12000000	0.010888
12	13000000	0.011732
12	14000000	0.007962
12	15000000	0.007628
12	16000000	0.007157
12	17000000	0.006078
12	18000000	0.006055
12	19000000	0.006964
12	20000000	0.008325
12	21000000	0.006406
12	22000000	0.007444
12	23000000	0.006848
12	24000000	0.006467
12	25000000	0.008354
12	26000000	0.008349
12	27000000	0.008047
12	28000000	0.008034
12	29000000	0.00598
12	30000000	0.00742
12	31000000	0.009958
12	32000000	0.012413
12	33000000	0.009513
12	34000000	0.008464
12	35000000	0.0126888
12	38000000	0.00691117
12	39000000	0.006597
12	40000000	0.006524
12	41000000	0.00565
12	42000000	0.006199
12	43000000	0.008782
12	44000000	0.006793
12	45000000	0.006103
12	46000000	0.007644
12	47000000	0.006686
12	48000000	0.0102
12	49000000	0.013261
12	50000000	0.016044
12	51000000	0.012422
12	52000000	0.014235
12	53000000	0.013314
12	54000000	0.016583
12	55000000	0.010191
12	56000000	0.010524
12	57000000	0.01472
12	58000000	0.015196
12	59000000	0.006343
12	60000000	0.005446
12	61000000	0.004808
12	62000000	0.005398
12	63000000	0.00808
12	64000000	0.007008
12	65000000	0.009922
12	66000000	0.007795
12	67000000	0.007169
12	68000000	0.007072
12	69000000	0.009285
12	70000000	0.008756
12	71000000	0.007034
12	72000000	0.006856
12	73000000	0.005565
12	74000000	0.004846
12	75000000	0.005473
12	76000000	0.007172
12	77000000	0.008097
12	78000000	0.005809
12	79000000	0.005301
12	80000000	0.007323
12	81000000	0.006286
12	82000000	0.00515
12	83000000	0.006557
12	84000000	0.005279
12	85000000	0.005412
12	86000000	0.00563
12	87000000	0.005317
12	88000000	0.005261
12	89000000	0.005491
12	90000000	0.007336
12	91000000	0.005185
12	92000000	0.005642
12	93000000	0.007597
12	94000000	0.009177
12	95000000	0.010471
12	96000000	0.01096
12	97000000	0.008755
12	98000000	0.006322
12	99000000	0.009307
12	100000000	0.005967
12	101000000	0.008301
12	102000000	0.009235
12	103000000	0.006429
12	104000000	0.007959
12	105000000	0.010963
12	106000000	0.00805
12	107000000	0.009867
12	108000000	0.009286
12	109000000	0.0117095
12	110000000	0.015355
12	111000000	0.014592
12	112000000	0.014946
12	113000000	0.011425
12	114000000	0.015101
12	115000000	0.010929
12	116000000	0.008657
12	117000000	0.013484
12	118000000	0.012632
12	119000000	0.010007
12	120000000	0.01131
12	121000000	0.017946
12	122000000	0.0204491
12	123000000	0.0186379
12	124000000	0.0179494
12	125000000	0.021161
12	126000000	0.011328
12	127000000	0.008352
12	128000000	0.009908
12	129000000	0.013696
12	130000000	0.011755
12	131000000	0.018343
12	132000000	0.020485
12	133000000	0.0320511
13	19000000	0.00835208
13	20000000	0.011642
13	21000000	0.013272
13	22000000	0.013168
13	23000000	0.00935
13	24000000	0.01095
13	25000000	0.012216
13	26000000	0.010693
13	27000000	0.010537
13	28000000	0.012137
13	29000000	0.0119
13	30000000	0.009309
13	31000000	0.01161
13	32000000	0.008655
13	33000000	0.008792
13	34000000	0.0083
13	35000000	0.006725
13	36000000	0.006966
13	37000000	0.008286
13	38000000	0.006734
13	39000000	0.006198
13	40000000	0.007069
13	41000000	0.009885
13	42000000	0.00921
13	43000000	0.008004
13	44000000	0.007603
13	45000000	0.009642
13	46000000	0.010729
13	47000000	0.008545
13	48000000	0.005889
13	49000000	0.008043
13	50000000	0.010281
13	51000000	0.008345
13	52000000	0.009383
13	53000000	0.011543
13	54000000	0.006184
13	55000000	0.005669
13	56000000	0.005133
13	57000000	0.005096
13	58000000	0.006386
13	59000000	0.005777
13	60000000	0.006437
13	61000000	0.006632
13	62000000	0.005543
13	63000000	0.005514
13	64000000	0.005805
13	65000000	0.004985
13	66000000	0.005482
13	67000000	0.00583
13	68000000	0.006085
13	69000000	0.005178
13	70000000	0.00535
13	71000000	0.005651
13	72000000	0.006091
13	73000000	0.006398
13	74000000	0.008544
13	75000000	0.006509
13	76000000	0.007481
13	77000000	0.005979
13	78000000	0.007231
13	79000000	0.006759
13	80000000	0.006267
13	81000000	0.006891
13	82000000	0.00553
13	83000000	0.005264
13	84000000	0.005788
13	85000000	0.00579
13	86000000	0.006112
13	87000000	0.00551883
13	88000000	0.006178
13	89000000	0.005404
13	90000000	0.005773
13	91000000	0.006045
13	92000000	0.006758
13	93000000	0.006143
13	94000000	0.006308
13	95000000	0.008041
13	96000000	0.010205
13	97000000	0.006657
13	98000000	0.007834
13	99000000	0.014279
13	100000000	0.012051
13	101000000	0.01329
13	102000000	0.007442
13	103000000	0.007998
13	104000000	0.007071
13	105000000	0.006905
13	106000000	0.007026
13	107000000	0.00969
13	108000000	0.00833
13	109000000	0.007747
13	110000000	0.010475
13	111000000	0.015798
13	112000000	0.0160552
13	113000000	0.0194668
13	114000000	0.0268311
14	19000000	0.00883
14	20000000	0.009161
14	21000000	0.011032
14	22000000	0.011052
14	23000000	0.011096
14	24000000	0.012319
14	25000000	0.011252
14	26000000	0.005816
14	27000000	0.005941
14	28000000	0.005235
14	29000000	0.006256
14	30000000	0.00641
14	31000000	0.007413
14	32000000	0.009442
14	33000000	0.007266
14	34000000	0.008192
14	35000000	0.012421
14	36000000	0.010378
14	37000000	0.008408
14	38000000	0.007231
14	39000000	0.005915
14	40000000	0.007599
14	41000000	0.004916
14	42000000	0.005946
14	43000000	0.005277
14	44000000	0.00535
14	45000000	0.006128
14	46000000	0.006886
14	47000000	0.005035
14	48000000	0.006193
14	49000000	0.005671
14	50000000	0.010144
14	51000000	0.010485
14	52000000	0.008579
14	53000000	0.009084
14	54000000	0.007102
14	55000000	0.009742
14	56000000	0.009643
14	57000000	0.008923
14	58000000	0.007088
14	59000000	0.009152
14	60000000	0.007454
14	61000000	0.00845
14	62000000	0.009041
14	63000000	0.006139
14	64000000	0.010334
14	65000000	0.012806
14	66000000	0.009625
14	67000000	0.00606
14	68000000	0.009611
14	69000000	0.010031
14	70000000	0.01105
14	71000000	0.009143
14	72000000	0.008762
14	73000000	0.010404
14	74000000	0.014834
14	75000000	0.013193
14	76000000	0.011411
14	77000000	0.013306
14	78000000	0.013055
14	79000000	0.006875
14	80000000	0.006659
14	81000000	0.006444
14	82000000	0.008158
14	83000000	0.005659
14	84000000	0.005867
14	85000000	0.005792
14	86000000	0.00716
14	87000000	0.005997
14	88000000	0.006585
14	89000000	0.008607
14	90000000	0.01179
14	91000000	0.012792
14	92000000	0.01269
14	93000000	0.014056
14	94000000	0.012773
14	95000000	0.011205
14	96000000	0.011866
14	97000000	0.011532
14	98000000	0.008973
14	99000000	0.008828
14	100000000	0.016967
14	101000000	0.018327
14	102000000	0.016561
14	103000000	0.019956
14	104000000	0.020271
14	105000000	0.02477
14	106000000	0.024909
15	20000000	0.010196
15	21000000	0.0112468
15	22000000	0.00850267
15	23000000	0.0160305
15	24000000	0.00988738
15	25000000	0.009152
15	26000000	0.010813
15	27000000	0.010304
15	28000000	0.0118001
15	29000000	0.0157916
15	30000000	0.012051
15	31000000	0.012248
15	32000000	0.011937
15	33000000	0.011249
15	34000000	0.009829
15	35000000	0.01124
15	36000000	0.006092
15	37000000	0.007875
15	38000000	0.006098
15	39000000	0.007186
15	40000000	0.008971
15	41000000	0.01726
15	42000000	0.016101
15	43000000	0.011109
15	44000000	0.011671
15	45000000	0.011674
15	46000000	0.008891
15	47000000	0.005572
15	48000000	0.006578
15	49000000	0.007918
15	50000000	0.006004
15	51000000	0.010737
15	52000000	0.010325
15	53000000	0.00916
15	54000000	0.006418
15	55000000	0.00606
15	56000000	0.010742
15	57000000	0.007176
15	58000000	0.009342
15	59000000	0.010823
15	60000000	0.010663
15	61000000	0.009955
15	62000000	0.008223
15	63000000	0.011774
15	64000000	0.011153
15	65000000	0.014009
15	66000000	0.012632
15	67000000	0.013692
15	68000000	0.009755
15	69000000	0.01182
15	70000000	0.011287
15	71000000	0.009931
15	72000000	0.009598
15	73000000	0.009994
15	74000000	0.012262
15	75000000	0.015547
15	76000000	0.014252
15	77000000	0.009052
15	78000000	0.012971
15	79000000	0.013402
15	80000000	0.009815
15	81000000	0.010721
15	82000000	0.009166
15	83000000	0.013179
15	84000000	0.010902
15	85000000	0.0113905
15	86000000	0.011324
15	87000000	0.006738
15	88000000	0.006445
15	89000000	0.011613
15	90000000	0.014667
15	91000000	0.016443
15	92000000	0.00972
15	93000000	0.011864
15	94000000	0.011555
15	95000000	0.008162
15	96000000	0.007482
15	97000000	0.010445
15	98000000	0.00749
15	99000000	0.012252
15	100000000	0.012005
15	101000000	0.013653
15	102000000	0.015541
16	1000000	0.03937
16	2000000	0.032264
16	3000000	0.02671
16	4000000	0.021628
16	5000000	0.019318
16	6000000	0.010626
16	7000000	0.010401
16	8000000	0.009458
16	9000000	0.0147126
16	10000000	0.00989
16	11000000	0.015082
16	12000000	0.016661
16	13000000	0.011195
16	14000000	0.010812
16	15000000	0.015984
16	16000000	0.017504
16	17000000	0.010725
16	18000000	0.012304
16	19000000	0.012959
16	20000000	0.011267
16	21000000	0.010553
16	22000000	0.013959
16	23000000	0.010958
16	24000000	0.011373
16	25000000	0.012151
16	26000000	0.00819
16	27000000	0.011291
16	28000000	0.015256
16	29000000	0.020127
16	30000000	0.021045
16	31000000	0.022178
16	32000000	0.010363
16	33000000	0.0112
16	34000000	0.012673
16	35000000	0.00729066
16	46000000	0.0286693
16	47000000	0.011055
16	48000000	0.009059
16	49000000	0.00907
16	50000000	0.013994
16	51000000	0.010761
16	52000000	0.006649
16	53000000	0.008337
16	54000000	0.010841
16	55000000	0.010166
16	56000000	0.009301
16	57000000	0.013932
16	58000000	0.015601
16	59000000	0.009531
16	60000000	0.006739
16	61000000	0.005898
16	62000000	0.006714
16	63000000	0.006204
16	64000000	0.006237
16	65000000	0.006657
16	66000000	0.00894
16	67000000	0.016838
16	68000000	0.017948
16	69000000	0.015216
16	70000000	0.016266
16	71000000	0.012271
16	72000000	0.01172
16	73000000	0.011941
16	74000000	0.011085
16	75000000	0.015427
16	76000000	0.009321
16	77000000	0.008056
16	78000000	0.010965
16	79000000	0.011744
16	80000000	0.009066
16	81000000	0.013256
16	82000000	0.012836
16	83000000	0.009317
16	84000000	0.016673
16	85000000	0.022342
16	86000000	0.020381
16	87000000	0.019676
16	88000000	0.0269516
16	89000000	0.03293
17	1000000	0.027264
17	2000000	0.022931
17	3000000	0.016724
17	4000000	0.021047
17	5000000	0.019162
17	6000000	0.013262
17	7000000	0.020341
17	8000000	0.020668
17	9000000	0.015619
17	10000000	0.01345
17	11000000	0.010776
17	12000000	0.010107
17	13000000	0.010476
17	14000000	0.009746
17	15000000	0.009878
17	16000000	0.014711
17	17000000	0.016154
17	18000000	0.017813
17	19000000	0.01738
17	20000000	0.013291
17	21000000	0.015071
17	22000000	0.0102699
17	25000000	0.00821962
17	26000000	0.010977
17	27000000	0.016641
17	28000000	0.01265
17	29000000	0.013605
17	30000000	0.013494
17	31000000	0.011616
17	32000000	0.008342
17	33000000	0.009854
17	34000000	0.011186
17	35000000	0.0150442
17	36000000	0.013282
17	37000000	0.019067
17	38000000	0.0174
17	39000000	0.010567
17	40000000	0.017294
17	41000000	0.018143
17	42000000	0.018719
17	43000000	0.018161
17	44000000	0.014742
17	45000000	0.012045
17	46000000	0.013924
17	47000000	0.017108
17	48000000	0.016178
17	49000000	0.014817
17	50000000	0.006344
17	51000000	0.005381
17	52000000	0.00578
17	53000000	0.006881
17	54000000	0.007046
17	55000000	0.011515
17	56000000	0.013243
17	57000000	0.012887
17	58000000	0.012688
17	59000000	0.011738
17	60000000	0.010612
17	61000000	0.011225
17	62000000	0.015799
17	63000000	0.012816
17	64000000	0.010314
17	65000000	0.013926
17	66000000	0.015407
17	67000000	0.008382
17	68000000	0.007367
17	69000000	0.007084
17	70000000	0.009434
17	71000000	0.015669
17	72000000	0.01618
17	73000000	0.019977
17	74000000	0.023418
17	75000000	0.020472
17	76000000	0.019802
17	77000000	0.021504
17	78000000	0.0261148
17	79000000	0.029371
17	80000000	0.0326148
18	1000000	0.00954
18	2000000	0.006502
18	3000000	0.012027
18	4000000	0.009361
18	5000000	0.00698
18	6000000	0.008749
18	7000000	0.01135
18	8000000	0.008857
18	9000000	0.01144
18	10000000	0.0118
18	11000000	0.010069
18	12000000	0.015337
18	13000000	0.014359
18	14000000	0.010595
18	15000000	0.00796577
18	19000000	0.011014
18	20000000	0.009512
18	21000000	0.01271
18	22000000	0.009517
18	23000000	0.007676
18	24000000	0.009097
18	25000000	0.006343
18	26000000	0.006227
18	27000000	0.005238
18	28000000	0.005594
18	29000000	0.008513
18	30000000	0.009288
18	31000000	0.005781
18	32000000	0.006078
18	33000000	0.007859
18	34000000	0.00889
18	35000000	0.009276
18	36000000	0.005236
18	37000000	0.005808
18	38000000	0.005586
18	39000000	0.005675
18	40000000	0.005475
18	41000000	0.005234
18	42000000	0.006244
18	43000000	0.007837
18	44000000	0.01131
18	45000000	0.009785
18	46000000	0.012705
18	47000000	0.01034
18	48000000	0.009946
18	49000000	0.007837
18	50000000	0.005948
18	51000000	0.005788
18	52000000	0.00704236
18	53000000	0.007534
18	54000000	0.007109
18	55000000	0.010365
18	56000000	0.011451
18	57000000	0.011134
18	58000000	0.007205
18	59000000	0.006794
18	60000000	0.010095
18	61000000	0.009982
18	62000000	0.007113
18	63000000	0.006125
18	64000000	0.005945
18	65000000	0.006453
18	66000000	0.006485
18	67000000	0.006627
18	68000000	0.008633
18	69000000	0.006781
18	70000000	0.007106
18	71000000	0.007764
18	72000000	0.011239
18	73000000	0.012321
18	74000000	0.014424
18	75000000	0.013785
18	76000000	0.0153253
18	77000000	0.024042
19	1000000	0.043521
19	2000000	0.036367
19	3000000	0.028275
19	4000000	0.030894
19	5000000	0.025833
19	6000000	0.02397
19	7000000	0.01786
19	8000000	0.024807
19	9000000	0.0157042
19	10000000	0.018664
19	11000000	0.024818
19	12000000	0.017407
19	13000000	0.023005
19	14000000	0.021156
19	15000000	0.018424
19	16000000	0.016489
19	17000000	0.021646
19	18000000	0.024321
19	19000000	0.024652
19	20000000	0.015321
19	21000000	0.00877896
19	22000000	0.009721
19	23000000	0.010952
19	24000000	0.008911
19	25000000	0.00678398
19	28000000	0.00709825
19	29000000	0.008637
19	30000000	0.014046
19	31000000	0.012248
19	32000000	0.010226
19	33000000	0.013577
19	34000000	0.017531
19	35000000	0.013197
19	36000000	0.020583
19	37000000	0.017765
19	38000000	0.01545
19	39000000	0.022117
19	40000000	0.017066
19	41000000	0.018757
19	42000000	0.016087
19	43000000	0.014553
19	44000000	0.012655
19	45000000	0.014394
19	46000000	0.025277
19	47000000	0.018121
19	48000000	0.022892
19	49000000	0.023178
19	50000000	0.025393
19	51000000	0.021692
19	52000000	0.014288
19	53000000	0.01484
19	54000000	0.018796
19	55000000	0.019539
19	56000000	0.024566
19	57000000	0.015317
19	58000000	0.014568
20	1000000	0.012304
20	2000000	0.01093
20	3000000	0.015436
20	4000000	0.013859
20	5000000	0.011586
20	6000000	0.009569
20	7000000	0.006542
20	8000000	0.006432
20	9000000	0.007178
20	10000000	0.007208
20	11000000	0.007038
20	12000000	0.006902
20	13000000	0.006943
20	14000000	0.00783
20	15000000	0.006476
20	16000000	0.007332
20	17000000	0.007801
20	18000000	0.012939
20	19000000	0.008589
20	20000000	0.010792
20	21000000	0.010347
20	22000000	0.008294
20	23000000	0.0105
20	24000000	0.0087
20	25000000	0.01418
20	26000000	0.0110119
20	29000000	0.005197
20	30000000	0.013953
20	31000000	0.016047
20	32000000	0.014219
20	33000000	0.013753
20	34000000	0.014566
20	35000000	0.0159621
20	36000000	0.013582
20	37000000	0.013435
20	38000000	0.00778
20	39000000	0.007309
20	40000000	0.010005
20	41000000	0.007497
20	42000000	0.01191
20	43000000	0.013564
20	44000000	0.010832
20	45000000	0.014187
20	46000000	0.014469
20	47000000	0.013575
20	48000000	0.013802
20	49000000	0.017569
20	50000000	0.015082
20	51000000	0.010158
20	52000000	0.012279
20	53000000	0.009112
20	54000000	0.006885
20	55000000	0.012718
20	56000000	0.016749
20	57000000	0.015304
20	58000000	0.012925
20	59000000	0.010353
20	60000000	0.018328
20	61000000	0.0304434
20	62000000	0.0324
21	9000000	0.0112379
21	10000000	0.00893434
21	11000000	0.010349
21	14000000	0.00759864
21	15000000	0.008608
21	16000000	0.006695
21	17000000	0.006922
21	18000000	0.006404
21	19000000	0.008235
21	20000000	0.006232
21	21000000	0.006306
21	22000000	0.006918
21	23000000	0.006223
21	24000000	0.006204
21	25000000	0.006807
21	26000000	0.006275
21	27000000	0.008299
21	28000000	0.007846
21	29000000	0.006608
21	30000000	0.007398
21	31000000	0.007691
21	32000000	0.007193
21	33000000	0.0130474
21	34000000	0.012732
21	35000000	0.013421
21	36000000	0.01133
21	37000000	0.008918
21	38000000	0.016202
21	39000000	0.010597
21	40000000	0.0109531
21	41000000	0.011238
21	42000000	0.009261
21	43000000	0.0173682
21	44000000	0.0205902
21	45000000	0.0231824
21	46000000	0.02549
21	47000000	0.023087
22	16000000	0.0102711
22	17000000	0.00960825
22	18000000	0.01841
22	19000000	0.0168767
22	20000000	0.022731
22	21000000	0.0194
22	22000000	0.018678
22	23000000	0.010938
22	24000000	0.017405
22	25000000	0.015617
22	26000000	0.012495
22	27000000	0.011732
22	28000000	0.01244
22	29000000	0.010731
22	30000000	0.015157
22	31000000	0.015378
22	32000000	0.014776
22	33000000	0.012537
22	34000000	0.011312
22	35000000	0.007614
22	36000000	0.013235
22	37000000	0.01693
22	38000000	0.022015
22	39000000	0.019607
22	40000000	0.017965
22	41000000	0.01482
22	42000000	0.019632
22	43000000	0.019971
22	44000000	0.017971
22	45000000	0.019311
22	46000000	0.019495
22	47000000	0.023263
22	48000000	0.014372
