1	500000	0.0116151
1	1000000	0.0383
1	1500000	0.036892
1	2000000	0.03268
1	2500000	0.029309
1	3000000	0.028068
1	3500000	0.0294
1	4000000	0.0184086
1	4500000	0.013108
1	5000000	0.011276
1	5500000	0.011622
1	6000000	0.021172
1	6500000	0.027172
1	7000000	0.015148
1	7500000	0.015902
1	8000000	0.015952
1	8500000	0.01488
1	9000000	0.01661
1	9500000	0.021574
1	10000000	0.018348
1	10500000	0.018096
1	11000000	0.019802
1	11500000	0.016824
1	12000000	0.020192
1	12500000	0.013592
1	13000000	0.00991403
1	13500000	0.0127366
1	14000000	0.014872
1	14500000	0.008848
1	15000000	0.013018
1	15500000	0.01749
1	16000000	0.018526
1	16500000	0.01863
1	17000000	0.0182867
1	17500000	0.016708
1	18000000	0.016332
1	18500000	0.012262
1	19000000	0.015388
1	19500000	0.015714
1	20000000	0.014784
1	20500000	0.011494
1	21000000	0.01591
1	21500000	0.013564
1	22000000	0.018606
1	22500000	0.015796
1	23000000	0.015098
1	23500000	0.01333
1	24000000	0.01703
1	24500000	0.014692
1	25000000	0.015258
1	25500000	0.015494
1	26000000	0.015782
1	26500000	0.016326
1	27000000	0.017158
1	27500000	0.017862
1	28000000	0.016774
1	28500000	0.014624
1	29000000	0.018432
1	29500000	0.014296
1	30000000	0.0100515
1	30500000	0.01016
1	31000000	0.01099
1	31500000	0.01466
1	32000000	0.014232
1	32500000	0.015676
1	33000000	0.017024
1	33500000	0.014896
1	34000000	0.011198
1	34500000	0.009208
1	35000000	0.00826
1	35500000	0.013258
1	36000000	0.011428
1	36500000	0.014872
1	37000000	0.014
1	37500000	0.010454
1	38000000	0.013934
1	38500000	0.014624
1	39000000	0.00915
1	39500000	0.014296
1	40000000	0.014646
1	40500000	0.013546
1	41000000	0.012468
1	41500000	0.011758
1	42000000	0.012978
1	42500000	0.008492
1	43000000	0.010672
1	43500000	0.01266
1	44000000	0.015278
1	44500000	0.012834
1	45000000	0.014212
1	45500000	0.012086
1	46000000	0.014058
1	46500000	0.011262
1	47000000	0.013704
1	47500000	0.008046
1	48000000	0.013352
1	48500000	0.008992
1	49000000	0.007534
1	49500000	0.005128
1	50000000	0.005096
1	50500000	0.00615
1	51000000	0.009362
1	51500000	0.009196
1	52000000	0.009714
1	52500000	0.01073
1	53000000	0.012592
1	53500000	0.013622
1	54000000	0.014548
1	54500000	0.012852
1	55000000	0.015196
1	55500000	0.01144
1	56000000	0.0063
1	56500000	0.005594
1	57000000	0.007904
1	57500000	0.006924
1	58000000	0.007352
1	58500000	0.007054
1	59000000	0.00858
1	59500000	0.007162
1	60000000	0.007348
1	60500000	0.006224
1	61000000	0.005586
1	61500000	0.009208
1	62000000	0.009302
1	62500000	0.01055
1	63000000	0.010072
1	63500000	0.00786
1	64000000	0.010524
1	64500000	0.00741
1	65000000	0.008506
1	65500000	0.011066
1	66000000	0.007154
1	66500000	0.00586
1	67000000	0.006316
1	67500000	0.007388
1	68000000	0.009512
1	68500000	0.007604
1	69000000	0.006224
1	69500000	0.00554
1	70000000	0.005562
1	70500000	0.006374
1	71000000	0.007406
1	71500000	0.00594
1	72000000	0.005436
1	72500000	0.005662
1	73000000	0.004794
1	73500000	0.005122
1	74000000	0.004932
1	74500000	0.005052
1	75000000	0.005936
1	75500000	0.005888
1	76000000	0.006684
1	76500000	0.00691
1	77000000	0.005712
1	77500000	0.006546
1	78000000	0.008338
1	78500000	0.008312
1	79000000	0.005264
1	79500000	0.005794
1	80000000	0.005954
1	80500000	0.005508
1	81000000	0.005252
1	81500000	0.006062
1	82000000	0.007394
1	82500000	0.006922
1	83000000	0.005538
1	83500000	0.005514
1	84000000	0.005582
1	84500000	0.006046
1	87000000	0.007032
1	90500000	0.008186
1	91000000	0.00751
1	91500000	0.008462
1	92000000	0.008184
1	92500000	0.010318
1	93000000	0.009138
1	93500000	0.009212
1	94000000	0.009126
1	94500000	0.009706
1	95000000	0.008396
1	95500000	0.009332
1	96000000	0.005806
1	96500000	0.00552
1	97000000	0.00702
1	97500000	0.005582
1	98000000	0.005484
1	98500000	0.005662
1	99000000	0.005686
1	99500000	0.005722
1	100000000	0.006288
1	100500000	0.008614
1	101000000	0.006846
1	101500000	0.006848
1	102000000	0.005492
1	102500000	0.00516
1	103000000	0.005324
1	103500000	0.005616
1	104000000	0.00576224
1	104500000	0.005228
1	105000000	0.00579
1	105500000	0.005746
1	106000000	0.005284
1	106500000	0.00519
1	107000000	0.005292
1	107500000	0.006036
1	108000000	0.006052
1	108500000	0.007286
1	109000000	0.00861
1	109500000	0.012686
1	110000000	0.0141
1	110500000	0.01222
1	111000000	0.011414
1	111500000	0.006904
1	112000000	0.0082
1	112500000	0.009166
1	113000000	0.010172
1	113500000	0.014466
1	114000000	0.007278
1	114500000	0.009792
1	115000000	0.009334
1	115500000	0.007276
1	116000000	0.007752
1	116500000	0.00832
1	117000000	0.009506
1	117500000	0.00969
1	118000000	0.008316
1	118500000	0.00602
1	119000000	0.00508
1	119500000	0.008424
1	120000000	0.007614
1	120500000	0.00802224
1	121000000	0.00936288
1	121500000	0.0152443
1	142500000	0.00717328
1	143000000	0.00745822
1	143500000	0.00960005
1	144000000	0.0088234
1	144500000	0.0106085
1	145000000	0.00906719
1	145500000	0.012824
1	146000000	0.0111251
1	146500000	0.00972669
1	147000000	0.008132
1	147500000	0.010866
1	148000000	0.0118172
1	148500000	0.00994007
1	149000000	0.0116711
1	149500000	0.01112
1	150000000	0.015052
1	150500000	0.015696
1	151000000	0.016698
1	151500000	0.01408
1	152000000	0.010648
1	152500000	0.006684
1	153000000	0.006284
1	153500000	0.013386
1	154000000	0.014846
1	154500000	0.015368
1	155000000	0.01974
1	155500000	0.01556
1	156000000	0.016532
1	156500000	0.018054
1	157000000	0.012642
1	157500000	0.006488
1	158000000	0.008606
1	158500000	0.005712
1	159000000	0.007182
1	159500000	0.005796
1	160000000	0.011744
1	160500000	0.008406
1	161000000	0.013944
1	161500000	0.017244
1	162000000	0.007736
1	162500000	0.00921
1	163000000	0.00623
1	163500000	0.006088
1	164000000	0.005132
1	164500000	0.008122
1	165000000	0.007256
1	165500000	0.009354
1	166000000	0.008322
1	166500000	0.005646
1	167000000	0.009448
1	167500000	0.010862
1	168000000	0.010276
1	168500000	0.007024
1	169000000	0.00658
1	169500000	0.00677
1	170000000	0.00645
1	170500000	0.006616
1	171000000	0.005798
1	171500000	0.008894
1	172000000	0.006116
1	172500000	0.006568
1	173000000	0.005442
1	173500000	0.007022
1	174000000	0.009778
1	174500000	0.006818
1	175000000	0.00897
1	175500000	0.007482
1	176000000	0.007554
1	176500000	0.005794
1	177000000	0.007092
1	177500000	0.005602
1	178000000	0.007878
1	178500000	0.008952
1	179000000	0.010728
1	179500000	0.009244
1	180000000	0.012414
1	180500000	0.00808
1	181000000	0.011518
1	181500000	0.007974
1	182000000	0.007258
1	182500000	0.009268
1	183000000	0.010002
1	183500000	0.008682
1	184000000	0.007606
1	184500000	0.007956
1	185000000	0.008472
1	185500000	0.006604
1	186000000	0.00592
1	186500000	0.00666
1	187000000	0.005738
1	187500000	0.00626
1	188000000	0.005146
1	188500000	0.005218
1	189000000	0.005828
1	189500000	0.00547
1	190000000	0.005168
1	190500000	0.005334
1	191000000	0.005132
1	191500000	0.00537
1	192000000	0.005312
1	192500000	0.0056
1	193000000	0.007826
1	193500000	0.0058
1	194000000	0.005446
1	194500000	0.005904
1	195000000	0.005616
1	195500000	0.005162
1	196000000	0.005278
1	196500000	0.005504
1	197000000	0.006454
1	197500000	0.006206
1	198000000	0.0075
1	198500000	0.005448
1	199000000	0.005322
1	199500000	0.005134
1	200000000	0.010346
1	200500000	0.010646
1	201000000	0.013176
1	201500000	0.013048
1	202000000	0.01457
1	202500000	0.009784
1	203000000	0.013554
1	203500000	0.011948
1	204000000	0.012896
1	204500000	0.012358
1	205000000	0.012412
1	205500000	0.014276
1	206000000	0.0103257
1	206500000	0.0110029
1	207000000	0.010636
1	207500000	0.007128
1	208000000	0.010434
1	208500000	0.008734
1	209000000	0.006874
1	209500000	0.007464
1	210000000	0.00876
1	210500000	0.009028
1	211000000	0.006854
1	211500000	0.010722
1	212000000	0.010292
1	212500000	0.011094
1	213000000	0.012344
1	213500000	0.007974
1	214000000	0.00819
1	214500000	0.009976
1	215000000	0.007446
1	215500000	0.006266
1	216000000	0.006466
1	216500000	0.005924
1	217000000	0.006616
1	217500000	0.007536
1	218000000	0.007076
1	218500000	0.008446
1	219000000	0.00608
1	219500000	0.006028
1	220000000	0.008308
1	220500000	0.008612
1	221000000	0.00943
1	221500000	0.006332
1	222000000	0.007046
1	222500000	0.007414
1	223000000	0.008866
1	223500000	0.0110958
1	224000000	0.01137
1	224500000	0.01259
1	225000000	0.00819
1	225500000	0.008426
1	226000000	0.01497
1	226500000	0.014756
1	227000000	0.013524
1	227500000	0.008972
1	228000000	0.014196
1	228500000	0.020582
1	229000000	0.015872
1	229500000	0.01301
1	230000000	0.010326
1	230500000	0.012568
1	231000000	0.011872
1	231500000	0.012056
1	232000000	0.008994
1	232500000	0.009574
1	233000000	0.009848
1	233500000	0.00872
1	234000000	0.008368
1	234500000	0.01238
1	235000000	0.0129911
1	235500000	0.014514
1	236000000	0.012238
1	236500000	0.013652
1	237000000	0.011516
1	237500000	0.008808
1	238000000	0.008216
1	238500000	0.007328
1	239000000	0.00689
1	239500000	0.007864
1	240000000	0.009092
1	240500000	0.010104
1	241000000	0.010316
1	241500000	0.008898
1	242000000	0.010806
1	242500000	0.009012
1	243000000	0.009114
1	243500000	0.010084
1	244000000	0.009708
1	244500000	0.011012
1	245000000	0.014506
1	245500000	0.015568
1	246000000	0.012416
1	246500000	0.01115
1	247000000	0.014658
1	247500000	0.01351
1	248000000	0.008544
1	248500000	0.006988
1	249000000	0.0121044
2	500000	0.017384
2	1000000	0.014718
2	1500000	0.017594
2	2000000	0.01507
2	2500000	0.012052
2	3000000	0.014912
2	3500000	0.0205512
2	4000000	0.010632
2	4500000	0.00707
2	5000000	0.00835252
2	5500000	0.009108
2	6000000	0.010318
2	6500000	0.008236
2	7000000	0.01023
2	7500000	0.007916
2	8000000	0.008612
2	8500000	0.012124
2	9000000	0.012244
2	9500000	0.014986
2	10000000	0.01691
2	10500000	0.01924
2	11000000	0.015158
2	11500000	0.013624
2	12000000	0.012574
2	12500000	0.007586
2	13000000	0.007938
2	13500000	0.005672
2	14000000	0.005746
2	14500000	0.006072
2	15000000	0.007386
2	15500000	0.008194
2	16000000	0.013164
2	16500000	0.00888224
2	17000000	0.006984
2	17500000	0.005886
2	18000000	0.007842
2	18500000	0.006284
2	19000000	0.006378
2	19500000	0.007128
2	20000000	0.008632
2	20500000	0.013162
2	21000000	0.0104821
2	21500000	0.007204
2	22000000	0.005868
2	22500000	0.005952
2	23000000	0.006286
2	23500000	0.010718
2	24000000	0.01413
2	24500000	0.01208
2	25000000	0.011548
2	25500000	0.016878
2	26000000	0.01326
2	26500000	0.014042
2	27000000	0.014762
2	27500000	0.018772
2	28000000	0.00963
2	28500000	0.010936
2	29000000	0.012484
2	29500000	0.009598
2	30000000	0.007614
2	30500000	0.010794
2	31000000	0.008914
2	31500000	0.00868083
2	32000000	0.00746609
2	32500000	0.013108
2	33000000	0.00999
2	33500000	0.009682
2	34000000	0.009136
2	34500000	0.006984
2	35000000	0.006484
2	35500000	0.005402
2	36000000	0.005786
2	36500000	0.007966
2	37000000	0.01046
2	37500000	0.009714
2	38000000	0.008554
2	38500000	0.01079
2	39000000	0.012104
2	39500000	0.009742
2	40000000	0.00761
2	40500000	0.006632
2	41000000	0.0057
2	41500000	0.005582
2	42000000	0.008386
2	42500000	0.01177
2	43000000	0.013386
2	43500000	0.012312
2	44000000	0.010222
2	44500000	0.009872
2	45000000	0.012036
2	45500000	0.008808
2	46000000	0.010036
2	46500000	0.010124
2	47000000	0.011046
2	47500000	0.013234
2	48000000	0.011216
2	48500000	0.008386
2	49000000	0.007864
2	49500000	0.005648
2	50000000	0.006024
2	50500000	0.006106
2	51000000	0.005836
2	51500000	0.006198
2	52000000	0.005828
2	52500000	0.005556
2	53000000	0.006006
2	53500000	0.006176
2	54000000	0.009634
2	54500000	0.008966
2	55000000	0.0102
2	55500000	0.010068
2	56000000	0.008932
2	56500000	0.00646
2	57000000	0.005004
2	57500000	0.005308
2	58000000	0.005392
2	58500000	0.00676
2	59000000	0.006156
2	59500000	0.00594
2	60000000	0.006058
2	60500000	0.009028
2	61000000	0.011914
2	61500000	0.012124
2	62000000	0.012376
2	62500000	0.010448
2	63000000	0.006662
2	63500000	0.007296
2	64000000	0.007716
2	64500000	0.008984
2	65000000	0.011476
2	65500000	0.013268
2	66000000	0.008036
2	66500000	0.008084
2	67000000	0.006754
2	67500000	0.005628
2	68000000	0.006136
2	68500000	0.008974
2	69000000	0.007632
2	69500000	0.009328
2	70000000	0.010794
2	70500000	0.01337
2	71000000	0.01237
2	71500000	0.011498
2	72000000	0.010526
2	72500000	0.008532
2	73000000	0.009608
2	73500000	0.012216
2	74000000	0.010782
2	74500000	0.015546
2	75000000	0.011522
2	75500000	0.006424
2	76000000	0.007122
2	76500000	0.005688
2	77000000	0.006148
2	77500000	0.00603
2	78000000	0.005624
2	78500000	0.00517
2	79000000	0.006664
2	79500000	0.006392
2	80000000	0.007158
2	80500000	0.007146
2	81000000	0.00579
2	81500000	0.005604
2	82000000	0.005576
2	82500000	0.005562
2	83000000	0.005738
2	83500000	0.00637
2	84000000	0.005738
2	84500000	0.006076
2	85000000	0.009496
2	85500000	0.014638
2	86000000	0.014484
2	86500000	0.010744
2	87000000	0.01245
2	87500000	0.0102222
2	88000000	0.009564
2	88500000	0.010808
2	89000000	0.009546
2	89500000	0.00692102
2	90000000	0.00907132
2	90500000	0.0159036
2	91500000	0.0167853
2	92000000	0.010852
2	92500000	0.0159774
2	95500000	0.0108629
2	96000000	0.013006
2	96500000	0.009294
2	97000000	0.015488
2	97500000	0.017192
2	98000000	0.008256
2	98500000	0.011576
2	99000000	0.011238
2	99500000	0.010762
2	100000000	0.01131
2	100500000	0.009784
2	101000000	0.011544
2	101500000	0.012928
2	102000000	0.013108
2	102500000	0.010026
2	103000000	0.008442
2	103500000	0.007388
2	104000000	0.006422
2	104500000	0.005934
2	105000000	0.007908
2	105500000	0.011426
2	106000000	0.01211
2	106500000	0.011374
2	107000000	0.012478
2	107500000	0.007398
2	108000000	0.00662
2	108500000	0.008262
2	109000000	0.008392
2	109500000	0.013172
2	110000000	0.0142513
2	110500000	0.0129526
2	111000000	0.011168
2	111500000	0.010198
2	112000000	0.010656
2	112500000	0.010892
2	113000000	0.012214
2	113500000	0.011018
2	114000000	0.010466
2	114500000	0.012384
2	115000000	0.006894
2	115500000	0.007056
2	116000000	0.007026
2	116500000	0.006278
2	117000000	0.006022
2	117500000	0.00538
2	118000000	0.0064
2	118500000	0.007582
2	119000000	0.008426
2	119500000	0.00988
2	120000000	0.012104
2	120500000	0.009288
2	121000000	0.014376
2	121500000	0.016636
2	122000000	0.012862
2	122500000	0.01174
2	123000000	0.0078
2	123500000	0.006196
2	124000000	0.005288
2	124500000	0.00577
2	125000000	0.007264
2	125500000	0.006868
2	126000000	0.00574
2	126500000	0.00618
2	127000000	0.006138
2	127500000	0.009334
2	128000000	0.014632
2	128500000	0.015736
2	129000000	0.015376
2	129500000	0.011228
2	130000000	0.008036
2	130500000	0.010344
2	131000000	0.014394
2	131500000	0.01571
2	132000000	0.014632
2	132500000	0.010878
2	133000000	0.009986
2	133500000	0.007904
2	134000000	0.006806
2	134500000	0.007356
2	135000000	0.009544
2	135500000	0.00952
2	136000000	0.009214
2	136500000	0.010656
2	137000000	0.008568
2	137500000	0.006164
2	138000000	0.00607
2	138500000	0.00552
2	139000000	0.00529
2	139500000	0.006812
2	140000000	0.005182
2	140500000	0.005552
2	141000000	0.00555
2	141500000	0.005854
2	142000000	0.005702
2	142500000	0.005628
2	143000000	0.005602
2	143500000	0.00628
2	144000000	0.00599
2	144500000	0.007426
2	145000000	0.007128
2	145500000	0.006814
2	146000000	0.005296
2	146500000	0.005492
2	147000000	0.005104
2	147500000	0.005428
2	148000000	0.005082
2	148500000	0.006298
2	149000000	0.006262
2	149500000	0.0088406
2	150000000	0.00800578
2	150500000	0.00608
2	151000000	0.006282
2	151500000	0.006818
2	152000000	0.007814
2	152500000	0.008756
2	153000000	0.009738
2	153500000	0.00815
2	154000000	0.005298
2	154500000	0.006344
2	155000000	0.005334
2	155500000	0.006158
2	156000000	0.005026
2	156500000	0.005246
2	157000000	0.007254
2	157500000	0.0066
2	158000000	0.005594
2	158500000	0.007768
2	159000000	0.006366
2	159500000	0.009204
2	160000000	0.009708
2	160500000	0.007726
2	161000000	0.007544
2	161500000	0.007282
2	162000000	0.006918
2	162500000	0.006382
2	163000000	0.006516
2	163500000	0.005278
2	164000000	0.005382
2	164500000	0.005964
2	165000000	0.006146
2	165500000	0.006838
2	166000000	0.00608
2	166500000	0.006264
2	167000000	0.006262
2	167500000	0.0053
2	168000000	0.00616
2	168500000	0.0066
2	169000000	0.008206
2	169500000	0.007664
2	170000000	0.007472
2	170500000	0.01144
2	171000000	0.006578
2	171500000	0.011154
2	172000000	0.009578
2	172500000	0.00871
2	173000000	0.012508
2	173500000	0.008938
2	174000000	0.009206
2	174500000	0.008868
2	175000000	0.010924
2	175500000	0.009706
2	176000000	0.007614
2	176500000	0.007154
2	177000000	0.013778
2	177500000	0.006966
2	178000000	0.008064
2	178500000	0.007058
2	179000000	0.007994
2	179500000	0.008922
2	180000000	0.00654
2	180500000	0.0061
2	181000000	0.005216
2	181500000	0.005636
2	182000000	0.005578
2	182500000	0.00661
2	183000000	0.006098
2	183500000	0.007026
2	184000000	0.007492
2	184500000	0.005276
2	185000000	0.005
2	185500000	0.005196
2	186000000	0.004934
2	186500000	0.00528
2	187000000	0.004882
2	187500000	0.006506
2	188000000	0.005902
2	188500000	0.005994
2	189000000	0.006194
2	189500000	0.004932
2	190000000	0.005602
2	190500000	0.007702
2	191000000	0.00719
2	191500000	0.008462
2	192000000	0.00775
2	192500000	0.008284
2	193000000	0.006038
2	193500000	0.0059
2	194000000	0.005286
2	194500000	0.005542
2	195000000	0.005146
2	195500000	0.004928
2	196000000	0.00547
2	196500000	0.008236
2	197000000	0.0073
2	197500000	0.007324
2	198000000	0.008834
2	198500000	0.01087
2	199000000	0.005938
2	199500000	0.0053
2	200000000	0.005682
2	200500000	0.00912
2	201000000	0.007522
2	201500000	0.009418
2	202000000	0.010936
2	202500000	0.00864
2	203000000	0.013458
2	203500000	0.012046
2	204000000	0.010594
2	204500000	0.010002
2	205000000	0.007614
2	205500000	0.00627
2	206000000	0.006698
2	206500000	0.00931
2	207000000	0.012322
2	207500000	0.007978
2	208000000	0.007584
2	208500000	0.012624
2	209000000	0.010674
2	209500000	0.005858
2	210000000	0.005942
2	210500000	0.006782
2	211000000	0.006848
2	211500000	0.005838
2	212000000	0.005598
2	212500000	0.006474
2	213000000	0.005284
2	213500000	0.006302
2	214000000	0.006134
2	214500000	0.006146
2	215000000	0.005116
2	215500000	0.006976
2	216000000	0.008874
2	216500000	0.00772
2	217000000	0.009836
2	217500000	0.01094
2	218000000	0.007184
2	218500000	0.007924
2	219000000	0.01371
2	219500000	0.014582
2	220000000	0.01709
2	220500000	0.016358
2	221000000	0.006912
2	221500000	0.006416
2	222000000	0.006872
2	222500000	0.007984
2	223000000	0.0092
2	223500000	0.009708
2	224000000	0.007334
2	224500000	0.00843
2	225000000	0.009238
2	225500000	0.009896
2	226000000	0.007004
2	226500000	0.005838
2	227000000	0.005514
2	227500000	0.00772
2	228000000	0.009062
2	228500000	0.010586
2	229000000	0.006968
2	229500000	0.00635
2	230000000	0.007248
2	230500000	0.009198
2	231000000	0.009784
2	231500000	0.011132
2	232000000	0.014018
2	232500000	0.018616
2	233000000	0.011682
2	233500000	0.016834
2	234000000	0.0159267
2	234500000	0.012024
2	235000000	0.010434
2	235500000	0.011008
2	236000000	0.013626
2	236500000	0.017
2	237000000	0.017718
2	237500000	0.012776
2	238000000	0.010616
2	238500000	0.015494
2	239000000	0.019372
2	239500000	0.013914
2	240000000	0.0223086
2	240500000	0.01858
2	241000000	0.01572
2	241500000	0.02344
2	242000000	0.021732
2	242500000	0.022674
3	500000	0.006818
3	1000000	0.006232
3	1500000	0.006582
3	2000000	0.007062
3	2500000	0.007288
3	3000000	0.009326
3	3500000	0.006698
3	4000000	0.006812
3	4500000	0.009136
3	5000000	0.01253
3	5500000	0.007476
3	6000000	0.006684
3	6500000	0.00658
3	7000000	0.006884
3	7500000	0.006458
3	8000000	0.00623
3	8500000	0.009158
3	9000000	0.010156
3	9500000	0.012436
3	10000000	0.017814
3	10500000	0.013162
3	11000000	0.011878
3	11500000	0.013128
3	12000000	0.01055
3	12500000	0.012066
3	13000000	0.017922
3	13500000	0.017484
3	14000000	0.010672
3	14500000	0.014094
3	15000000	0.012046
3	15500000	0.010142
3	16000000	0.0079
3	16500000	0.008708
3	17000000	0.007336
3	17500000	0.006626
3	18000000	0.006814
3	18500000	0.006442
3	19000000	0.006014
3	19500000	0.005794
3	20000000	0.00864
3	20500000	0.005932
3	21000000	0.0055
3	21500000	0.006308
3	22000000	0.006314
3	22500000	0.005596
3	23000000	0.006744
3	23500000	0.007612
3	24000000	0.01058
3	24500000	0.00666
3	25000000	0.006528
3	25500000	0.007942
3	26000000	0.006416
3	26500000	0.006104
3	27000000	0.005424
3	27500000	0.009142
3	28000000	0.007192
3	28500000	0.006204
3	29000000	0.005692
3	29500000	0.00654
3	30000000	0.005618
3	30500000	0.006362
3	31000000	0.00606
3	31500000	0.006842
3	32000000	0.010316
3	32500000	0.011754
3	33000000	0.013478
3	33500000	0.008718
3	34000000	0.007232
3	34500000	0.005254
3	35000000	0.005166
3	35500000	0.00528
3	36000000	0.005134
3	36500000	0.005688
3	37000000	0.009488
3	37500000	0.008924
3	38000000	0.01148
3	38500000	0.010532
3	39000000	0.008512
3	39500000	0.008094
3	40000000	0.006516
3	40500000	0.008512
3	41000000	0.006952
3	41500000	0.007282
3	42000000	0.010814
3	42500000	0.010392
3	43000000	0.010114
3	43500000	0.008552
3	44000000	0.00878
3	44500000	0.009752
3	45000000	0.011034
3	45500000	0.010578
3	46000000	0.009008
3	46500000	0.010366
3	47000000	0.013906
3	47500000	0.014464
3	48000000	0.015546
3	48500000	0.017408
3	49000000	0.017992
3	49500000	0.017118
3	50000000	0.016948
3	50500000	0.017238
3	51000000	0.006874
3	51500000	0.012436
3	52000000	0.013682
3	52500000	0.01728
3	53000000	0.01399
3	53500000	0.010844
3	54000000	0.01143
3	54500000	0.00871
3	55000000	0.008152
3	55500000	0.009188
3	56000000	0.006468
3	56500000	0.00882
3	57000000	0.011058
3	57500000	0.011434
3	58000000	0.011832
3	58500000	0.011778
3	59000000	0.006962
3	59500000	0.006984
3	60000000	0.00738406
3	60500000	0.006706
3	61000000	0.00654607
3	61500000	0.009492
3	62000000	0.009114
3	62500000	0.008438
3	63000000	0.006266
3	63500000	0.006348
3	64000000	0.00887
3	64500000	0.008472
3	65000000	0.00683
3	65500000	0.008088
3	66000000	0.00994125
3	66500000	0.0103808
3	67000000	0.007624
3	67500000	0.007212
3	68000000	0.005918
3	68500000	0.005694
3	69000000	0.008738
3	69500000	0.008596
3	70000000	0.00715
3	70500000	0.006208
3	71000000	0.008936
3	71500000	0.011326
3	72000000	0.010252
3	72500000	0.010444
3	73000000	0.01114
3	73500000	0.009268
3	74000000	0.006066
3	74500000	0.006228
3	75000000	0.006524
3	75500000	0.012108
3	76000000	0.007116
3	76500000	0.006794
3	77000000	0.007608
3	77500000	0.007264
3	78000000	0.005952
3	78500000	0.006558
3	79000000	0.00679
3	79500000	0.006352
3	80000000	0.0062
3	80500000	0.006072
3	81000000	0.00631
3	81500000	0.006232
3	82000000	0.006384
3	82500000	0.005858
3	83000000	0.005538
3	83500000	0.005478
3	84000000	0.0053
3	84500000	0.005344
3	85000000	0.006292
3	85500000	0.006182
3	86000000	0.005724
3	86500000	0.005728
3	87000000	0.006584
3	87500000	0.006044
3	88000000	0.006986
3	88500000	0.005664
3	89000000	0.005694
3	89500000	0.005776
3	90000000	0.005616
3	90500000	0.00688632
3	93500000	0.00744046
3	94000000	0.006162
3	94500000	0.005264
3	95000000	0.005496
3	95500000	0.0055
3	96000000	0.00488
3	96500000	0.00585
3	97000000	0.005094
3	97500000	0.006392
3	98000000	0.005448
3	98500000	0.008068
3	99000000	0.004796
3	99500000	0.0064
3	100000000	0.008082
3	100500000	0.006524
3	101000000	0.006362
3	101500000	0.010394
3	102000000	0.005774
3	102500000	0.00505
3	103000000	0.005794
3	103500000	0.005368
3	104000000	0.005138
3	104500000	0.005336
3	105000000	0.005872
3	105500000	0.006494
3	106000000	0.006388
3	106500000	0.006358
3	107000000	0.007162
3	107500000	0.00752
3	108000000	0.006636
3	108500000	0.00688
3	109000000	0.009708
3	109500000	0.005772
3	110000000	0.00523
3	110500000	0.005272
3	111000000	0.005138
3	111500000	0.007122
3	112000000	0.007154
3	112500000	0.00707
3	113000000	0.008222
3	113500000	0.009552
3	114000000	0.007548
3	114500000	0.005502
3	115000000	0.005708
3	115500000	0.006268
3	116000000	0.006392
3	116500000	0.005678
3	117000000	0.00594
3	117500000	0.005768
3	118000000	0.004922
3	118500000	0.006402
3	119000000	0.008942
3	119500000	0.008294
3	120000000	0.008996
3	120500000	0.006576
3	121000000	0.006234
3	121500000	0.008126
3	122000000	0.008624
3	122500000	0.010544
3	123000000	0.012144
3	123500000	0.008704
3	124000000	0.007026
3	124500000	0.01087
3	125000000	0.01028
3	125500000	0.01279
3	126000000	0.014218
3	126500000	0.012756
3	127000000	0.011924
3	127500000	0.013928
3	128000000	0.014002
3	128500000	0.016306
3	129000000	0.01667
3	129500000	0.013544
3	130000000	0.009404
3	130500000	0.007544
3	131000000	0.006164
3	131500000	0.005628
3	132000000	0.006944
3	132500000	0.00694
3	133000000	0.007542
3	133500000	0.01079
3	134000000	0.009796
3	134500000	0.00821
3	135000000	0.00665
3	135500000	0.006204
3	136000000	0.010058
3	136500000	0.010554
3	137000000	0.00615
3	137500000	0.00748
3	138000000	0.01044
3	138500000	0.012984
3	139000000	0.007286
3	139500000	0.007014
3	140000000	0.00616
3	140500000	0.006472
3	141000000	0.010314
3	141500000	0.010942
3	142000000	0.008866
3	142500000	0.009298
3	143000000	0.008016
3	143500000	0.006796
3	144000000	0.00507
3	144500000	0.00528
3	145000000	0.005182
3	145500000	0.005256
3	146000000	0.006588
3	146500000	0.005522
3	147000000	0.00829
3	147500000	0.005276
3	148000000	0.00524
3	148500000	0.006914
3	149000000	0.008384
3	149500000	0.008404
3	150000000	0.007386
3	150500000	0.009616
3	151000000	0.008028
3	151500000	0.006114
3	152000000	0.00622
3	152500000	0.006326
3	153000000	0.00925
3	153500000	0.00593
3	154000000	0.007184
3	154500000	0.005508
3	155000000	0.006542
3	155500000	0.009276
3	156000000	0.007476
3	156500000	0.006914
3	157000000	0.007436
3	157500000	0.006188
3	158000000	0.006928
3	158500000	0.007758
3	159000000	0.005662
3	159500000	0.007606
3	160000000	0.008802
3	160500000	0.006814
3	161000000	0.006736
3	161500000	0.005048
3	162000000	0.005294
3	162500000	0.00574
3	163000000	0.005312
3	163500000	0.005386
3	164000000	0.004842
3	164500000	0.005534
3	165000000	0.005618
3	165500000	0.005798
3	166000000	0.00526
3	166500000	0.005534
3	167000000	0.005706
3	167500000	0.005872
3	168000000	0.006158
3	168500000	0.005262
3	169000000	0.006494
3	169500000	0.009894
3	170000000	0.012242
3	170500000	0.007736
3	171000000	0.00759
3	171500000	0.008898
3	172000000	0.009104
3	172500000	0.008428
3	173000000	0.006002
3	173500000	0.005778
3	174000000	0.006416
3	174500000	0.005994
3	175000000	0.006208
3	175500000	0.006058
3	176000000	0.005788
3	176500000	0.00668
3	177000000	0.012016
3	177500000	0.007346
3	178000000	0.005612
3	178500000	0.005796
3	179000000	0.010854
3	179500000	0.009664
3	180000000	0.005514
3	180500000	0.00789
3	181000000	0.00576
3	181500000	0.010148
3	182000000	0.006664
3	182500000	0.00892
3	183000000	0.012526
3	183500000	0.015278
3	184000000	0.018428
3	184500000	0.012844
3	185000000	0.011056
3	185500000	0.013372
3	186000000	0.011148
3	186500000	0.013202
3	187000000	0.008274
3	187500000	0.008562
3	188000000	0.009002
3	188500000	0.007824
3	189000000	0.006814
3	189500000	0.007296
3	190000000	0.007906
3	190500000	0.007294
3	191000000	0.007258
3	191500000	0.006266
3	192000000	0.007588
3	192500000	0.009084
3	193000000	0.007214
3	193500000	0.010568
3	194000000	0.0159144
3	194500000	0.015344
3	195000000	0.014388
3	195500000	0.022572
3	196000000	0.017912
3	196500000	0.018458
3	197000000	0.012604
3	197500000	0.016454
4	500000	0.021008
4	1000000	0.03144
4	1500000	0.030765
4	2000000	0.021432
4	2500000	0.020932
4	3000000	0.01877
4	3500000	0.024368
4	4000000	0.018496
4	4500000	0.01312
4	5000000	0.0119
4	5500000	0.010388
4	6000000	0.016264
4	6500000	0.019414
4	7000000	0.019896
4	7500000	0.019206
4	8000000	0.020742
4	8500000	0.020404
4	9000000	0.0201622
4	9500000	0.01648
4	10000000	0.011312
4	10500000	0.009006
4	11000000	0.006776
4	11500000	0.007526
4	12000000	0.005934
4	12500000	0.005786
4	13000000	0.006498
4	13500000	0.008902
4	14000000	0.005918
4	14500000	0.005968
4	15000000	0.007176
4	15500000	0.00765
4	16000000	0.01028
4	16500000	0.0075
4	17000000	0.008144
4	17500000	0.01071
4	18000000	0.00727
4	18500000	0.005934
4	19000000	0.00534
4	19500000	0.005698
4	20000000	0.005636
4	20500000	0.007504
4	21000000	0.00662
4	21500000	0.006014
4	22000000	0.006364
4	22500000	0.00798
4	23000000	0.006202
4	23500000	0.005756
4	24000000	0.007772
4	24500000	0.010184
4	25000000	0.010056
4	25500000	0.01181
4	26000000	0.011
4	26500000	0.008958
4	27000000	0.008158
4	27500000	0.00591
4	28000000	0.006012
4	28500000	0.005514
4	29000000	0.005784
4	29500000	0.005736
4	30000000	0.00582
4	30500000	0.006648
4	31000000	0.006414
4	31500000	0.005936
4	32000000	0.00552225
4	32500000	0.00586
4	33000000	0.00520851
4	33500000	0.005266
4	34000000	0.005272
4	34500000	0.005212
4	35000000	0.005692
4	35500000	0.00555
4	36000000	0.00575
4	36500000	0.005766
4	37000000	0.006278
4	37500000	0.008662
4	38000000	0.011194
4	38500000	0.00927
4	39000000	0.009792
4	39500000	0.012614
4	40000000	0.014074
4	40500000	0.0127419
4	41000000	0.011618
4	41500000	0.009114
4	42000000	0.010494
4	42500000	0.009038
4	43000000	0.005314
4	43500000	0.005156
4	44000000	0.0054
4	44500000	0.00604
4	45000000	0.005032
4	45500000	0.005626
4	46000000	0.004972
4	46500000	0.005808
4	47000000	0.006086
4	47500000	0.006646
4	48000000	0.008132
4	48500000	0.009024
4	49000000	0.009804
4	49500000	0.0145589
4	52500000	0.0120935
4	53000000	0.006446
4	53500000	0.008866
4	54000000	0.007664
4	54500000	0.007198
4	55000000	0.010416
4	55500000	0.00782
4	56000000	0.007826
4	56500000	0.008372
4	57000000	0.009132
4	57500000	0.01135
4	58000000	0.010498
4	58500000	0.005866
4	59000000	0.005612
4	59500000	0.00535219
4	60000000	0.00514688
4	60500000	0.005242
4	61000000	0.005368
4	61500000	0.00526
4	62000000	0.005966
4	62500000	0.006354
4	63000000	0.005442
4	63500000	0.005728
4	64000000	0.005086
4	64500000	0.004766
4	65000000	0.00541
4	65500000	0.00594
4	66000000	0.004966
4	66500000	0.005516
4	67000000	0.005552
4	67500000	0.005352
4	68000000	0.005604
4	68500000	0.006794
4	69000000	0.00661
4	69500000	0.005628
4	70000000	0.005202
4	70500000	0.005564
4	71000000	0.005172
4	71500000	0.009168
4	72000000	0.008908
4	72500000	0.005066
4	73000000	0.00542
4	73500000	0.005662
4	74000000	0.007524
4	74500000	0.006094
4	75000000	0.006142
4	75500000	0.00611452
4	76000000	0.005964
4	76500000	0.009126
4	77000000	0.010054
4	77500000	0.008742
4	78000000	0.009126
4	78500000	0.006704
4	79000000	0.007524
4	79500000	0.007478
4	80000000	0.00588
4	80500000	0.005394
4	81000000	0.00735
4	81500000	0.005316
4	82000000	0.00606
4	82500000	0.00659
4	83000000	0.00684
4	83500000	0.011768
4	84000000	0.011226
4	84500000	0.0082
4	85000000	0.006088
4	85500000	0.008514
4	86000000	0.005914
4	86500000	0.006134
4	87000000	0.006264
4	87500000	0.006618
4	88000000	0.010094
4	88500000	0.008028
4	89000000	0.009448
4	89500000	0.008538
4	90000000	0.00716
4	90500000	0.00578
4	91000000	0.006228
4	91500000	0.006062
4	92000000	0.005486
4	92500000	0.004854
4	93000000	0.005362
4	93500000	0.005164
4	94000000	0.00532
4	94500000	0.005844
4	95000000	0.007152
4	95500000	0.008044
4	96000000	0.006952
4	96500000	0.005966
4	97000000	0.005488
4	97500000	0.005102
4	98000000	0.005128
4	98500000	0.00496
4	99000000	0.006148
4	99500000	0.008136
4	100000000	0.008534
4	100500000	0.006274
4	101000000	0.006972
4	101500000	0.005038
4	102000000	0.00569
4	102500000	0.006538
4	103000000	0.00605
4	103500000	0.008004
4	104000000	0.006292
4	104500000	0.00546
4	105000000	0.004846
4	105500000	0.005384
4	106000000	0.005892
4	106500000	0.006378
4	107000000	0.006226
4	107500000	0.005374
4	108000000	0.005562
4	108500000	0.006206
4	109000000	0.008206
4	109500000	0.00884
4	110000000	0.006582
4	110500000	0.009844
4	111000000	0.0084
4	111500000	0.00872
4	112000000	0.005482
4	112500000	0.005438
4	113000000	0.007222
4	113500000	0.010986
4	114000000	0.007122
4	114500000	0.006436
4	115000000	0.00533
4	115500000	0.005624
4	116000000	0.005188
4	116500000	0.004848
4	117000000	0.005284
4	117500000	0.005602
4	118000000	0.00514
4	118500000	0.004904
4	119000000	0.006056
4	119500000	0.00878
4	120000000	0.007592
4	120500000	0.006936
4	121000000	0.00594
4	121500000	0.005418
4	122000000	0.00682
4	122500000	0.006986
4	123000000	0.006786
4	123500000	0.007384
4	124000000	0.007086
4	124500000	0.00845
4	125000000	0.005078
4	125500000	0.005758
4	126000000	0.006052
4	126500000	0.006328
4	127000000	0.005576
4	127500000	0.005412
4	128000000	0.00539
4	128500000	0.006936
4	129000000	0.011012
4	129500000	0.009412
4	130000000	0.006532
4	130500000	0.00544
4	131000000	0.00562
4	131500000	0.00519
4	132000000	0.005158
4	132500000	0.010288
4	133000000	0.005576
4	133500000	0.00513
4	134000000	0.006152
4	134500000	0.005118
4	135000000	0.004942
4	135500000	0.005096
4	136000000	0.005306
4	136500000	0.005298
4	137000000	0.005326
4	137500000	0.005708
4	138000000	0.005098
4	138500000	0.00629
4	139000000	0.006376
4	139500000	0.006596
4	140000000	0.012852
4	140500000	0.010348
4	141000000	0.009984
4	141500000	0.00861
4	142000000	0.006452
4	142500000	0.00612
4	143000000	0.005728
4	143500000	0.005022
4	144000000	0.00627
4	144500000	0.00758
4	145000000	0.005694
4	145500000	0.00618
4	146000000	0.007152
4	146500000	0.008424
4	147000000	0.007732
4	147500000	0.006946
4	148000000	0.005956
4	148500000	0.00887
4	149000000	0.008484
4	149500000	0.006508
4	150000000	0.005246
4	150500000	0.004714
4	151000000	0.007284
4	151500000	0.006448
4	152000000	0.010648
4	152500000	0.008568
4	153000000	0.00802
4	153500000	0.008124
4	154000000	0.010384
4	154500000	0.010588
4	155000000	0.006206
4	155500000	0.007562
4	156000000	0.005874
4	156500000	0.007606
4	157000000	0.006428
4	157500000	0.00597
4	158000000	0.006682
4	158500000	0.006058
4	159000000	0.006168
4	159500000	0.008174
4	160000000	0.0087
4	160500000	0.007558
4	161000000	0.005896
4	161500000	0.00549
4	162000000	0.00582
4	162500000	0.00621
4	163000000	0.005852
4	163500000	0.006188
4	164000000	0.006698
4	164500000	0.007116
4	165000000	0.005708
4	165500000	0.006796
4	166000000	0.011306
4	166500000	0.007188
4	167000000	0.006414
4	167500000	0.00593
4	168000000	0.005868
4	168500000	0.005508
4	169000000	0.006114
4	169500000	0.008346
4	170000000	0.009482
4	170500000	0.008552
4	171000000	0.008696
4	171500000	0.005954
4	172000000	0.005402
4	172500000	0.00614
4	173000000	0.005952
4	173500000	0.006338
4	174000000	0.007606
4	174500000	0.009844
4	175000000	0.006974
4	175500000	0.006602
4	176000000	0.005898
4	176500000	0.00691
4	177000000	0.00772
4	177500000	0.007232
4	178000000	0.006942
4	178500000	0.008824
4	179000000	0.00637
4	179500000	0.006232
4	180000000	0.006338
4	180500000	0.006778
4	181000000	0.006928
4	181500000	0.00767
4	182000000	0.008276
4	182500000	0.009262
4	183000000	0.01078
4	183500000	0.011594
4	184000000	0.011922
4	184500000	0.016146
4	185000000	0.012896
4	185500000	0.013674
4	186000000	0.014318
4	186500000	0.012274
4	187000000	0.013188
4	187500000	0.013878
4	188000000	0.01098
4	188500000	0.00915
4	189000000	0.014136
4	189500000	0.01066
4	190000000	0.009834
4	190500000	0.011166
5	500000	0.02829
5	1000000	0.02783
5	1500000	0.025344
5	2000000	0.020754
5	2500000	0.01508
5	3000000	0.014212
5	3500000	0.014014
5	4000000	0.01012
5	4500000	0.00835
5	5000000	0.009278
5	5500000	0.010538
5	6000000	0.008492
5	6500000	0.013984
5	7000000	0.0094
5	7500000	0.009044
5	8000000	0.008994
5	8500000	0.00701
5	9000000	0.006702
5	9500000	0.008138
5	10000000	0.008214
5	10500000	0.015416
5	11000000	0.009214
5	11500000	0.007888
5	12000000	0.006558
5	12500000	0.006088
5	13000000	0.005566
5	13500000	0.006086
5	14000000	0.010286
5	14500000	0.013266
5	15000000	0.008672
5	15500000	0.007348
5	16000000	0.007754
5	16500000	0.010408
5	17000000	0.015202
5	17500000	0.0114111
5	18000000	0.00577
5	18500000	0.006604
5	19000000	0.005788
5	19500000	0.006174
5	20000000	0.005484
5	20500000	0.006288
5	21000000	0.00612
5	21500000	0.007154
5	22000000	0.006124
5	22500000	0.00586
5	23000000	0.006442
5	23500000	0.006492
5	24000000	0.00562
5	24500000	0.006778
5	25000000	0.00601
5	25500000	0.006028
5	26000000	0.006502
5	26500000	0.00599
5	27000000	0.006192
5	27500000	0.006092
5	28000000	0.005816
5	28500000	0.00578
5	29000000	0.00595
5	29500000	0.005838
5	30000000	0.005364
5	30500000	0.005484
5	31000000	0.006542
5	31500000	0.010454
5	32000000	0.014826
5	32500000	0.011738
5	33000000	0.006234
5	33500000	0.00732
5	34000000	0.008064
5	34500000	0.00855
5	35000000	0.009038
5	35500000	0.00617
5	36000000	0.007224
5	36500000	0.008048
5	37000000	0.008222
5	37500000	0.010032
5	38000000	0.008352
5	38500000	0.009202
5	39000000	0.008026
5	39500000	0.007136
5	40000000	0.005728
5	40500000	0.006366
5	41000000	0.007706
5	41500000	0.005338
5	42000000	0.005628
5	42500000	0.005934
5	43000000	0.013938
5	43500000	0.009052
5	44000000	0.004708
5	44500000	0.00513
5	45000000	0.005948
5	45500000	0.005736
5	46000000	0.0057
5	46500000	0.00700977
5	49500000	0.00726277
5	50000000	0.00669
5	50500000	0.007296
5	51000000	0.00524
5	51500000	0.005204
5	52000000	0.006052
5	52500000	0.006044
5	53000000	0.007682
5	53500000	0.007706
5	54000000	0.008148
5	54500000	0.008782
5	55000000	0.0097
5	55500000	0.010164
5	56000000	0.009158
5	56500000	0.009076
5	57000000	0.006096
5	57500000	0.00613
5	58000000	0.007096
5	58500000	0.006234
5	59000000	0.006006
5	59500000	0.00561
5	60000000	0.007498
5	60500000	0.007736
5	61000000	0.006996
5	61500000	0.008424
5	62000000	0.007212
5	62500000	0.005044
5	63000000	0.004928
5	63500000	0.005626
5	64000000	0.006232
5	64500000	0.006964
5	65000000	0.009316
5	65500000	0.007742
5	66000000	0.007174
5	66500000	0.007214
5	67000000	0.006082
5	67500000	0.008208
5	68000000	0.006442
5	68500000	0.012954
5	69000000	0.01078
5	69500000	0.00986
5	70000000	0.010238
5	70500000	0.009658
5	71000000	0.009122
5	71500000	0.008456
5	72000000	0.008184
5	72500000	0.011366
5	73000000	0.008222
5	73500000	0.006772
5	74000000	0.009824
5	74500000	0.00831
5	75000000	0.007294
5	75500000	0.008586
5	76000000	0.010716
5	76500000	0.009588
5	77000000	0.00986
5	77500000	0.00841
5	78000000	0.009486
5	78500000	0.010148
5	79000000	0.00934
5	79500000	0.011518
5	80000000	0.008802
5	80500000	0.00948
5	81000000	0.007612
5	81500000	0.007924
5	82000000	0.006316
5	82500000	0.006044
5	83000000	0.006778
5	83500000	0.005952
5	84000000	0.00537
5	84500000	0.00528
5	85000000	0.00495
5	85500000	0.005468
5	86000000	0.00563
5	86500000	0.00676
5	87000000	0.0047
5	87500000	0.006076
5	88000000	0.008642
5	88500000	0.00516
5	89000000	0.004838
5	89500000	0.005782
5	90000000	0.00758
5	90500000	0.007784
5	91000000	0.0054
5	91500000	0.0050489
5	92000000	0.005124
5	92500000	0.006114
5	93000000	0.008438
5	93500000	0.006056
5	94000000	0.006958
5	94500000	0.006398
5	95000000	0.008928
5	95500000	0.006116
5	96000000	0.008104
5	96500000	0.006852
5	97000000	0.005434
5	97500000	0.005334
5	98000000	0.006726
5	98500000	0.007056
5	99000000	0.005918
5	99500000	0.006542
5	100000000	0.00622
5	100500000	0.005046
5	101000000	0.005522
5	101500000	0.005832
5	102000000	0.006174
5	102500000	0.00614
5	103000000	0.00636
5	103500000	0.005716
5	104000000	0.005158
5	104500000	0.005006
5	105000000	0.005204
5	105500000	0.005286
5	106000000	0.00554
5	106500000	0.005644
5	107000000	0.007536
5	107500000	0.006458
5	108000000	0.006944
5	108500000	0.00704
5	109000000	0.006972
5	109500000	0.005194
5	110000000	0.00539
5	110500000	0.006478
5	111000000	0.006534
5	111500000	0.00662
5	112000000	0.007912
5	112500000	0.009012
5	113000000	0.006776
5	113500000	0.006554
5	114000000	0.005778
5	114500000	0.007114
5	115000000	0.007074
5	115500000	0.006838
5	116000000	0.009194
5	116500000	0.006288
5	117000000	0.005546
5	117500000	0.005626
5	118000000	0.005766
5	118500000	0.009056
5	119000000	0.006324
5	119500000	0.004986
5	120000000	0.005972
5	120500000	0.004894
5	121000000	0.005494
5	121500000	0.006762
5	122000000	0.00803
5	122500000	0.00839
5	123000000	0.00606
5	123500000	0.005896
5	124000000	0.008842
5	124500000	0.006958
5	125000000	0.005088
5	125500000	0.006084
5	126000000	0.01269
5	126500000	0.007284
5	127000000	0.006868
5	127500000	0.007238
5	128000000	0.005992
5	128500000	0.005848
5	129000000	0.006074
5	129500000	0.005298
5	130000000	0.005394
5	130500000	0.008646
5	131000000	0.008062
5	131500000	0.009908
5	132000000	0.012394
5	132500000	0.01283
5	133000000	0.009834
5	133500000	0.013304
5	134000000	0.015296
5	134500000	0.011892
5	135000000	0.010424
5	135500000	0.0086
5	136000000	0.005908
5	136500000	0.006778
5	137000000	0.008176
5	137500000	0.012852
5	138000000	0.013676
5	138500000	0.012726
5	139000000	0.0174245
5	139500000	0.010574
5	140000000	0.014798
5	140500000	0.014616
5	141000000	0.015636
5	141500000	0.01391
5	142000000	0.011074
5	142500000	0.00803
5	143000000	0.00699
5	143500000	0.006102
5	144000000	0.005454
5	144500000	0.00494
5	145000000	0.006244
5	145500000	0.009852
5	146000000	0.007446
5	146500000	0.00665
5	147000000	0.007776
5	147500000	0.006054
5	148000000	0.006634
5	148500000	0.0083
5	149000000	0.012794
5	149500000	0.01281
5	150000000	0.013344
5	150500000	0.010192
5	151000000	0.010186
5	151500000	0.006292
5	152000000	0.005848
5	152500000	0.005586
5	153000000	0.00617
5	153500000	0.007596
5	154000000	0.014088
5	154500000	0.008258
5	155000000	0.00575779
5	155500000	0.006156
5	156000000	0.006354
5	156500000	0.009596
5	157000000	0.011092
5	157500000	0.009154
5	158000000	0.006982
5	158500000	0.008958
5	159000000	0.007294
5	159500000	0.012478
5	160000000	0.008188
5	160500000	0.006012
5	161000000	0.005748
5	161500000	0.005574
5	162000000	0.005832
5	162500000	0.006142
5	163000000	0.008024
5	163500000	0.006032
5	164000000	0.006252
5	164500000	0.006078
5	165000000	0.007224
5	165500000	0.007082
5	166000000	0.00766
5	166500000	0.009106
5	167000000	0.007908
5	167500000	0.01098
5	168000000	0.011174
5	168500000	0.010166
5	169000000	0.006938
5	169500000	0.009074
5	170000000	0.010492
5	170500000	0.008542
5	171000000	0.013714
5	171500000	0.013852
5	172000000	0.016088
5	172500000	0.016146
5	173000000	0.012048
5	173500000	0.010072
5	174000000	0.012298
5	174500000	0.008528
5	175000000	0.0122
5	175500000	0.013228
5	176000000	0.01987
5	176500000	0.017276
5	177000000	0.019066
5	177500000	0.018458
5	178000000	0.01829
5	178500000	0.018182
5	179000000	0.022964
5	179500000	0.019226
5	180000000	0.019354
5	180500000	0.017418
6	500000	0.016022
6	1000000	0.011974
6	1500000	0.01807
6	2000000	0.009432
6	2500000	0.010864
6	3000000	0.0183
6	3500000	0.014594
6	4000000	0.012768
6	4500000	0.00973
6	5000000	0.01323
6	5500000	0.010284
6	6000000	0.010022
6	6500000	0.009666
6	7000000	0.01419
6	7500000	0.013718
6	8000000	0.0114
6	8500000	0.006836
6	9000000	0.007388
6	9500000	0.007078
6	10000000	0.008264
6	10500000	0.015126
6	11000000	0.012356
6	11500000	0.009366
6	12000000	0.009822
6	12500000	0.007964
6	13000000	0.008882
6	13500000	0.012288
6	14000000	0.011508
6	14500000	0.009538
6	15000000	0.014244
6	15500000	0.011772
6	16000000	0.010112
6	16500000	0.011466
6	17000000	0.009432
6	17500000	0.013316
6	18000000	0.011772
6	18500000	0.00803
6	19000000	0.00567
6	19500000	0.007426
6	20000000	0.010526
6	20500000	0.010116
6	21000000	0.008016
6	21500000	0.013446
6	22000000	0.010122
6	22500000	0.00711
6	23000000	0.00653
6	23500000	0.006538
6	24000000	0.006806
6	24500000	0.01081
6	25000000	0.009206
6	25500000	0.008126
6	26000000	0.011878
6	26500000	0.01332
6	27000000	0.012678
6	27500000	0.015172
6	28000000	0.01143
6	28500000	0.012294
6	29000000	0.011996
6	29500000	0.009956
6	30000000	0.0118
6	30500000	0.015478
6	31000000	0.014618
6	31500000	0.015802
6	32000000	0.020732
6	32500000	0.009294
6	33000000	0.012614
6	33500000	0.019066
6	34000000	0.017376
6	34500000	0.014476
6	35000000	0.012206
6	35500000	0.015504
6	36000000	0.011142
6	36500000	0.014502
6	37000000	0.015214
6	37500000	0.013794
6	38000000	0.009952
6	38500000	0.008188
6	39000000	0.00983
6	39500000	0.008134
6	40000000	0.00723
6	40500000	0.008712
6	41000000	0.008234
6	41500000	0.0157
6	42000000	0.015546
6	42500000	0.01192
6	43000000	0.018484
6	43500000	0.015466
6	44000000	0.014118
6	44500000	0.010252
6	45000000	0.00667
6	45500000	0.008578
6	46000000	0.007302
6	46500000	0.00678
6	47000000	0.007398
6	47500000	0.007678
6	48000000	0.005534
6	48500000	0.005332
6	49000000	0.005178
6	49500000	0.00632
6	50000000	0.005332
6	50500000	0.005864
6	51000000	0.006388
6	51500000	0.00567
6	52000000	0.008114
6	52500000	0.008936
6	53000000	0.010102
6	53500000	0.00827
6	54000000	0.005862
6	54500000	0.005572
6	55000000	0.00577
6	55500000	0.005488
6	56000000	0.005864
6	56500000	0.007518
6	57000000	0.009058
6	57500000	0.00564
6	58000000	0.0066889
6	58500000	0.006524
6	59000000	0.00686226
6	62000000	0.00462116
6	62500000	0.0049
6	63000000	0.00544
6	63500000	0.005556
6	64000000	0.007246
6	64500000	0.00733
6	65000000	0.005392
6	65500000	0.005454
6	66000000	0.00479
6	66500000	0.005592
6	67000000	0.005468
6	67500000	0.005358
6	68000000	0.005484
6	68500000	0.005192
6	69000000	0.005028
6	69500000	0.005518
6	70000000	0.0058
6	70500000	0.006088
6	71000000	0.006946
6	71500000	0.008312
6	72000000	0.006508
6	72500000	0.005746
6	73000000	0.00589
6	73500000	0.006424
6	74000000	0.012954
6	74500000	0.009294
6	75000000	0.005306
6	75500000	0.00527
6	76000000	0.007532
6	76500000	0.008384
6	77000000	0.004974
6	77500000	0.005466
6	78000000	0.005348
6	78500000	0.00577
6	79000000	0.004828
6	79500000	0.00613
6	80000000	0.006402
6	80500000	0.006728
6	81000000	0.006234
6	81500000	0.0047
6	82000000	0.005196
6	82500000	0.005696
6	83000000	0.007048
6	83500000	0.005648
6	84000000	0.007348
6	84500000	0.006604
6	85000000	0.005876
6	85500000	0.007012
6	86000000	0.006456
6	86500000	0.007954
6	87000000	0.004402
6	87500000	0.005852
6	88000000	0.008622
6	88500000	0.0091
6	89000000	0.007272
6	89500000	0.007318
6	90000000	0.01115
6	90500000	0.01137
6	91000000	0.008006
6	91500000	0.006602
6	92000000	0.005562
6	92500000	0.0051
6	93000000	0.004998
6	93500000	0.005336
6	94000000	0.005614
6	94500000	0.005342
6	95000000	0.005084
6	95500000	0.0054652
6	96000000	0.00550712
6	96500000	0.005538
6	97000000	0.005458
6	97500000	0.007006
6	98000000	0.005694
6	98500000	0.005174
6	99000000	0.00548
6	99500000	0.008286
6	100000000	0.00943
6	100500000	0.006034
6	101000000	0.006918
6	101500000	0.00576
6	102000000	0.00545
6	102500000	0.005016
6	103000000	0.00497
6	103500000	0.005512
6	104000000	0.005278
6	104500000	0.005002
6	105000000	0.006582
6	105500000	0.00958
6	106000000	0.007534
6	106500000	0.009448
6	107000000	0.009612
6	107500000	0.012156
6	108000000	0.01017
6	108500000	0.01265
6	109000000	0.01019
6	109500000	0.009026
6	110000000	0.008528
6	110500000	0.00811
6	111000000	0.010494
6	111500000	0.010196
6	112000000	0.009748
6	112500000	0.007662
6	113000000	0.005822
6	113500000	0.005382
6	114000000	0.007672
6	114500000	0.007198
6	115000000	0.005102
6	115500000	0.00509802
6	116000000	0.005514
6	116500000	0.006796
6	117000000	0.007428
6	117500000	0.006426
6	118000000	0.00769
6	118500000	0.005708
6	119000000	0.00836
6	119500000	0.00802
6	120000000	0.005428
6	120500000	0.004854
6	121000000	0.005418
6	121500000	0.006156
6	122000000	0.00691
6	122500000	0.00631
6	123000000	0.007294
6	123500000	0.00532
6	124000000	0.00606
6	124500000	0.005614
6	125000000	0.00622
6	125500000	0.007804
6	126000000	0.007808
6	126500000	0.00615
6	127000000	0.005046
6	127500000	0.006938
6	128000000	0.006258
6	128500000	0.005716
6	129000000	0.006392
6	129500000	0.006604
6	130000000	0.006764
6	130500000	0.007856
6	131000000	0.00699
6	131500000	0.008306
6	132000000	0.007596
6	132500000	0.006544
6	133000000	0.007868
6	133500000	0.006808
6	134000000	0.007238
6	134500000	0.010456
6	135000000	0.008672
6	135500000	0.008588
6	136000000	0.006282
6	136500000	0.00823
6	137000000	0.009512
6	137500000	0.008178
6	138000000	0.00867
6	138500000	0.009414
6	139000000	0.010634
6	139500000	0.010444
6	140000000	0.0088
6	140500000	0.005586
6	141000000	0.005338
6	141500000	0.005246
6	142000000	0.005706
6	142500000	0.006402
6	143000000	0.006744
6	143500000	0.007822
6	144000000	0.008912
6	144500000	0.009898
6	145500000	0.005898
6	148000000	0.008346
6	150000000	0.014382
6	152500000	0.008914
6	155000000	0.011482
6	158500000	0.01443
6	161000000	0.009506
